108	342	357
199	396	328
64	183	62
347	110	361
69	99	126
116	15	179
236	169	212
28	328	184
223	250	439
324	21	306
320	249	168
87	259	105
331	265	349
88	247	304
147	130	170
436	271	220
178	97	107
196	60	182
249	192	114
240	14	74
329	120	193
60	332	71
241	232	237
337	182	368
327	377	51
118	187	37
172	44	152
57	314	117
222	333	64
68	263	208
334	128	12
134	154	166
221	326	44
242	200	151
419	101	348
90	39	130
193	211	31
27	29	38
230	83	207
99	38	70
136	219	301
66	52	138
306	245	155
264	348	190
13	218	191
568	322	251
190	160	21
135	109	50
546	318	316
187	109	110
302	65	366
64	71	332
230	286	78
102	132	203
17	206	19
279	113	200
337	503	259
299	159	80
132	113	87
24	30	31
103	181	106
247	100	231
32	276	187
156	227	193
269	403	205
204	215	202
276	148	421
263	229	104
252	466	270
166	214	147
44	156	212
301	282	294
12	106	341
76	303	347
35	200	117
400	271	202
139	75	123
76	312	344
214	202	160
200	193	219
274	345	161
138	96	53
39	44	77
90	141	76
333	284	276
146	293	269
205	339	199
252	29	190
47	94	227
150	311	254
265	90	220
10	42	10
231	263	298
458	166	326
43	38	75
99	77	38
235	465	258
128	179	111
350	282	37
103	262	94
127	150	271
200	66	38
349	30	120
221	235	77
318	213	196
153	346	310
116	254	147
30	85	44
314	44	89
248	312	99
28	50	4
10	223	65
95	77	186
446	176	320
186	209	90
92	156	26
87	69	198
53	166	40
277	212	477
70	81	146
356	288	101
180	321	182
316	254	217
118	316	249
289	238	169
103	19	179
96	117	338
230	259	106
25	76	3
377	109	307
335	208	8
97	60	230
657	338	332
222	98	278
265	382	125
176	195	91
42	38	14
240	314	134
158	215	114
300	510	285
279	163	235
74	78	60
101	256	65
301	339	482
89	163	186
5	83	8
209	221	23
232	306	79
273	199	442
162	166	75
216	5	308
178	154	75
33	154	178
534	341	347
427	301	325
306	211	258
31	105	317
26	301	251
265	318	401
24	176	115
243	382	146
277	236	370
289	376	108
182	352	175
98	99	207
358	256	136
64	293	275
345	232	328
33	42	117
48	224	216
315	119	430
304	135	239
37	210	48
40	297	167
100	56	158
281	118	308
325	178	346
94	163	210
475	208	278
18	307	332
192	213	210
68	124	25
306	190	139
300	112	221
23	120	84
348	280	299
18	214	246
224	48	134
319	164	429
33	39	145
117	251	163
280	146	147
255	81	254
286	280	262
338	239	312
260	384	166
189	48	198
37	212	199
81	81	161
226	333	430
341	142	203
65	58	197
376	187	243
18	35	18
327	202	328
40	28	29
213	151	114
230	190	141
195	129	315
214	391	212
294	285	515
238	155	9
133	219	250
16	74	241
279	247	315
150	240	128
141	75	31
24	114	77
480	270	293
214	215	199
539	271	326
192	86	44
220	105	162
289	234	155
183	100	34
221	265	256
325	536	297
217	392	297
363	149	229
270	379	224
64	253	224
324	227	119
235	146	144
244	231	262
260	267	163
76	266	299
190	315	453
123	216	284
298	242	212
420	275	169
297	48	200
316	48	45
193	477	346
205	96	51
53	310	289
361	207	262
98	48	72
216	128	153
193	350	215
227	267	269
304	171	63
111	204	90
335	316	294
96	69	87
315	176	189
336	334	43
158	213	217
240	327	321
23	234	234
337	92	367
163	141	176
87	5	43
265	458	294
91	184	123
187	105	99
471	294	236
205	16	172
112	227	156
68	141	116
126	374	249
233	258	128
73	55	63
29	241	267
503	244	289
102	410	345
220	166	275
25	23	54
423	268	347
109	19	335
230	287	456
194	414	309
87	94	157
435	244	295
128	136	271
199	5	303
114	335	256
253	293	459
175	133	269
200	150	229
140	325	264
53	48	78
271	228	220
145	343	179
152	143	179
65	99	96
12	11	6
9	192	118
113	90	106
209	374	294
275	229	451
15	153	236
89	74	248
251	131	192
29	9	281
140	101	63
155	227	221
322	45	197
81	223	230
249	182	333
207	115	230
152	60	107
125	258	71
157	100	135
431	129	314
549	291	338
135	48	182
330	426	304
253	439	337
290	492	345
225	264	154
155	31	258
211	213	85
66	99	124
237	101	321
109	134	59
110	154	110
256	84	188
8	9	9
211	220	233
188	103	82
40	243	172
88	183	290
118	80	102
264	268	18
167	91	229
263	69	203
55	334	34
303	176	197
3	282	168
228	213	222
104	256	320
60	307	341
209	165	164
40	34	38
119	269	290
234	249	225
99	100	166
128	130	47
292	268	97
155	151	71
63	83	267
237	235	211
73	32	72
219	144	298
179	205	174
186	191	192
297	360	119
214	317	204
169	272	310
201	265	111
197	44	25
103	369	273
303	308	606
322	57	193
111	306	280
238	348	181
175	70	216
335	257	285
227	346	72
287	302	312
266	21	200
316	499	320
282	62	294
334	406	274
373	167	248
236	263	412
200	212	133
132	177	303
82	330	276
350	286	387
175	268	167
98	94	72
146	210	77
328	309	115
195	61	257
311	396	177
8	25	20
242	154	165
271	7	117
101	280	221
455	173	295
271	335	145
286	349	617
47	49	94
209	42	212
153	153	337
164	312	100
313	26	306
20	193	336
340	193	229
35	255	159
183	260	339
317	75	388
216	383	252
248	311	310
257	69	326
27	8	39
367	90	304
204	329	196
191	204	282
213	319	138
21	169	38
289	225	130
188	360	204
250	164	153
125	278	344
307	344	203
135	242	232
152	160	105
345	191	289
84	163	260
108	205	210
84	128	178
237	143	177
340	93	224
579	312	318
309	60	290
33	85	153
61	25	225
117	77	342
148	343	288
279	418	327
95	181	244
44	199	302
308	51	42
202	257	300
397	272	230
289	331	319
254	190	138
355	327	269
189	151	106
98	61	161
367	338	62
217	283	455
186	123	330
65	94	57
288	242	239
81	69	180
405	297	253
155	273	285
442	249	263
334	281	105
35	35	56
9	155	115
221	390	274
263	321	482
296	152	314
65	100	54
83	21	200
102	79	56
190	220	253
86	88	122
312	182	36
200	519	342
201	278	334
381	86	322
176	139	255
33	379	350
256	97	175
282	190	115
251	122	70
226	90	17
323	307	243
91	96	208
176	261	183
203	168	329
156	101	86
241	106	167
71	39	85
481	341	155
196	288	251
263	75	278
69	58	93
104	253	185
133	234	282
62	107	116
279	222	437
217	163	64
57	122	155
253	169	145
486	298	226
312	86	262
163	67	135
44	268	167
170	107	218
327	233	131
428	241	298
52	131	91
34	26	30
80	164	141
360	290	175
118	180	224
443	289	214
194	59	144
342	263	190
55	218	198
55	104	50
341	256	236
275	323	45
182	232	363
284	144	202
142	127	52
78	84	36
512	273	292
293	238	158
304	117	188
217	132	122
74	40	160
279	312	224
322	233	9
310	459	283
129	10	68
310	41	289
169	370	285
268	106	355
284	279	363
213	29	327
115	272	330
234	302	272
91	221	215
350	325	132
68	18	86
169	170	240
137	324	117
296	257	266
328	448	205
163	8	278
196	344	203
111	346	229
144	6	196
177	208	119
304	183	363
43	232	210
116	117	62
485	345	260
519	350	200
288	236	122
143	200	266
163	123	279
148	98	124
99	83	167
114	69	33
218	45	29
192	42	87
318	386	159
261	51	302
289	329	199
172	254	63
83	105	59
294	116	60
47	201	239
314	304	116
235	393	245
179	56	53
327	77	90
75	125	166
241	186	310
25	169	154
103	42	128
86	200	231
118	110	9
131	227	118
287	288	83
19	332	326
131	77	102
41	39	64
335	118	407
150	274	212
47	196	193
112	81	157
343	112	93
36	87	295
95	103	80
332	103	208
25	143	50
130	326	176
279	283	319
78	19	188
276	525	318
378	314	278
327	345	603
275	373	328
162	108	178
183	276	226
165	234	170
210	322	204
273	329	511
245	285	250
149	84	132
307	325	428
166	183	323
208	149	139
234	315	55
59	328	221
180	112	219
163	153	23
202	359	320
274	72	85
384	147	334
150	257	214
89	79	60
113	228	16
179	240	208
344	200	332
309	99	186
161	345	126
127	189	6
260	158	36
171	258	48
153	113	204
81	154	137
113	44	37
25	345	128
248	117	110
128	128	109
74	107	66
57	88	46
338	172	284
270	455	240
188	71	99
252	186	331
130	77	143
87	162	183
244	136	169
134	145	127
226	238	411
269	307	337
210	295	255
391	201	343
238	50	274
90	82	204
35	162	99
208	345	70
216	88	173
287	212	372
340	448	112
153	258	348
222	227	189
107	346	307
174	21	39
76	155	172
305	471	245
128	113	14
204	219	253
137	117	109
132	234	159
105	337	369
127	218	135
89	38	86
309	246	144
374	201	311
150	118	21
250	126	202
225	262	436
18	60	28
272	223	450
163	101	84
235	300	147
316	258	194
60	125	72
105	135	133
246	283	104
345	665	337
336	289	315
190	201	36
40	179	341
54	50	41
121	80	308
401	230	327
137	233	363
108	61	148
319	324	89
246	315	110
337	343	244
274	329	11
49	241	273
135	75	121
5	170	121
290	239	137
348	317	279
120	219	134
143	320	18
185	313	301
286	290	38
207	63	127
163	490	341
65	75	118
245	57	292
346	209	130
271	522	280
108	219	109
291	223	277
294	92	23
206	282	229
16	283	83
301	99	272
345	140	218
298	181	159
157	143	196
243	365	155
95	291	317
100	151	69
311	10	197
181	91	69
359	240	264
522	336	343
318	601	322
245	52	121
272	164	262
289	401	281
165	127	125
332	227	130
134	24	190
76	34	46
294	15	134
107	256	122
257	94	224
123	268	77
190	248	349
5	245	293
124	69	84
457	309	298
21	80	61
159	263	151
299	294	91
319	302	602
509	246	269
187	147	180
66	121	90
419	296	151
264	317	110
100	47	60
220	189	74
121	258	285
119	270	163
482	249	245
300	29	320
272	233	227
277	212	116
196	332	466
223	137	114
235	326	226
55	149	108
206	203	69
106	235	239
117	201	104
249	224	323
98	84	269
213	11	344
50	290	101
321	383	78
109	189	208
14	95	261
222	153	215
157	346	157
241	71	18
349	112	25
176	105	184
53	94	104
132	26	119
116	128	287
50	39	265
137	84	151
148	273	299
293	187	126
195	94	284
101	179	317
319	175	227
271	364	302
232	369	272
131	158	167
82	340	343
203	191	233
347	79	208
201	86	306
9	331	314
132	214	199
269	223	89
55	108	87
151	149	295
238	295	218
182	93	263
308	216	300
169	74	30
152	207	106
221	284	317
104	218	261
234	184	68
106	57	74
225	37	216
44	165	77
145	154	276
92	78	34
152	200	230
327	210	262
293	299	442
335	258	75
85	339	377
257	8	3
50	72	159
237	373	271
110	322	306
114	195	122
108	253	305
291	122	244
108	36	229
116	278	69
356	223	262
82	215	200
149	277	264
335	195	90
357	216	248
205	296	117
268	529	274
300	287	511
104	299	8
234	235	384
281	310	515
244	565	338
210	63	166
346	225	182
321	237	486
298	289	148
424	152	312
90	205	211
209	221	135
104	270	202
123	165	223
275	168	316
140	287	23
16	316	32
365	295	120
126	140	304
56	330	284
4	81	292
241	301	78
55	141	103
269	471	262
243	204	312
334	155	26
321	427	217
50	207	17
241	150	168
196	337	134
30	47	40
252	258	357
87	226	69
227	294	206
60	22	204
89	387	347
153	357	301
168	150	80
12	3	24
62	117	80
12	54	97
344	253	201
33	77	42
340	175	175
157	267	349
184	228	81
229	478	261
222	364	232
590	335	323
183	102	242
85	347	242
44	180	137
233	256	47
25	268	209
61	43	127
160	42	55
250	278	465
238	185	346
133	170	45
391	337	106
322	449	304
240	548	330
343	264	289
293	523	281
230	11	73
78	140	100
142	138	105
242	119	20
58	320	13
259	137	54
231	179	217
154	153	163
465	313	269
157	91	145
326	344	503
267	7	208
251	134	150
153	167	277
202	211	134
222	352	208
31	72	265
267	126	350
217	298	293
236	333	32
121	219	68
159	68	74
200	95	169
8	79	336
223	28	284
143	144	150
235	159	282
247	370	349
278	231	346
162	140	300
65	198	133
55	306	29
66	38	96
134	9	302
376	142	322
86	8	239
369	260	220
283	282	192
245	387	238
168	250	330
63	69	123
229	323	218
87	311	39
12	31	4
60	62	6
331	262	213
320	576	277
338	208	240
463	287	334
152	83	7
24	28	48
432	241	240
293	342	98
226	219	355
205	64	33
303	498	243
78	220	149
256	100	95
33	13	41
218	29	174
145	66	229
58	10	61
144	200	335
62	75	190
54	116	66
140	142	40
31	118	306
210	446	315
159	45	240
373	254	195
27	188	195
170	158	8
482	179	348
219	125	138
56	27	181
165	253	207
33	86	45
209	396	189
247	303	434
335	122	236
429	325	194
382	220	314
254	322	518
251	139	190
195	25	326
96	125	46
117	9	221
92	105	302
146	80	10
494	343	279
86	59	29
380	168	216
299	143	213
107	146	107
265	226	305
97	85	283
97	126	9
100	283	93
167	53	60
205	160	100
342	64	349
56	101	61
199	238	331
79	269	348
71	107	131
237	128	208
44	168	177
201	118	109
28	184	155
44	48	103
196	150	114
128	201	81
217	23	132
200	247	228
94	173	112
84	68	133
321	56	90
151	89	63
96	34	125
98	69	29
320	71	28
13	240	55
139	84	162
226	216	155
124	199	250
137	58	213
272	218	296
13	243	100
100	11	21
234	56	262
293	198	357
164	198	173
106	81	167
448	332	164
211	298	278
280	323	249
11	118	283
202	215	282
97	162	332
280	312	233
20	67	140
186	197	43
294	161	177
107	230	287
89	106	16
68	94	18
294	116	216
373	264	253
152	21	10
106	202	343
135	172	235
32	89	4
202	191	255
350	34	22
156	88	150
316	102	196
349	500	325
66	103	90
21	244	300
9	260	5
250	388	202
34	33	15
170	349	393
336	85	70
300	193	254
92	77	114
245	91	313
248	9	320
258	269	316
367	319	278
129	85	184
31	39	67
316	453	291
204	133	85
358	150	280
220	248	286
175	161	7
399	278	257
26	259	278
43	36	63
66	77	34
200	280	168
366	53	314
270	102	37
119	127	146
274	361	241
27	58	58
98	298	284
124	7	84
280	80	328
173	136	212
271	182	59
238	247	299
305	94	110
244	206	179
181	158	257
159	219	193
176	105	213
109	53	72
281	152	271
104	134	36
317	110	324
118	122	70
189	5	86
280	83	339
117	82	51
263	118	356
56	91	116
403	336	313
133	188	224
437	337	346
115	136	119
497	253	324
201	164	268
89	98	143
57	324	271
282	12	291
51	86	100
109	132	217
316	93	89
203	43	36
50	12	26
83	154	142
125	120	123
132	197	97
270	395	331
121	277	185
146	174	51
64	137	145
175	338	222
213	225	381
115	152	161
150	175	98
225	139	229
26	26	23
518	225	321
152	392	245
113	436	345
261	146	256
236	246	282
63	182	249
299	54	212
332	280	275
162	129	110
335	125	338
166	179	40
7	74	218
137	315	174
181	277	338
71	80	108
87	112	58
286	98	16
255	93	91
163	330	350
158	232	218
133	97	68
6	34	36
94	106	10
212	180	215
71	110	54
483	237	290
315	212	140
20	4	7
414	241	189
112	161	82
344	335	212
333	85	274
81	82	114
239	4	223
48	69	56
230	259	284
3	15	15
379	330	80
213	193	65
621	326	313
102	176	26
24	36	21
100	44	120
234	333	312
267	407	143
201	189	388
271	311	285
281	375	150
252	196	140
180	208	298
259	341	265
251	172	202
236	249	210
254	198	39
405	234	340
456	285	294
291	187	164
188	199	116
114	163	23
175	416	304
22	265	205
277	258	139
98	71	57
136	112	31
310	88	386
111	281	4
66	96	139
287	229	499
29	255	172
223	288	382
251	304	231
335	144	272
50	69	64
104	29	207
95	215	64
277	308	426
7	161	349
150	51	118
133	158	281
169	87	112
266	484	298
64	262	295
254	308	140
122	228	204
227	44	95
55	253	254
225	153	172
142	215	280
85	27	108
174	160	107
7	104	81
111	318	323
67	155	180
102	180	185
37	90	40
167	244	196
264	298	526
159	45	111
181	234	49
239	100	284
39	61	235
430	339	198
15	178	152
82	214	214
187	215	4
94	187	161
332	182	426
258	278	290
118	119	69
322	310	544
316	397	184
257	316	411
228	268	60
9	24	59
249	72	216
326	128	80
549	340	304
179	103	276
8	49	39
203	254	426
107	4	233
339	334	171
176	340	401
29	73	114
116	216	324
489	167	350
177	14	255
332	394	68
459	171	297
279	146	68
217	4	204
171	180	97
226	22	189
76	126	130
161	239	310
345	270	85
663	336	342
233	228	146
303	155	349
361	331	194
308	232	387
162	320	282
135	122	50
215	152	154
86	335	346
295	428	323
437	332	187
115	339	214
473	338	229
186	218	52
282	230	379
325	70	300
111	187	142
173	56	125
61	29	48
46	75	39
88	77	96
157	292	27
75	115	192
127	206	217
121	131	185
72	130	196
221	213	50
69	181	47
416	264	169
137	57	152
269	259	480
34	79	39
134	63	112
349	663	340
350	183	97
107	177	350
70	40	101
224	126	330
19	195	11
7	6	237
193	170	330
73	189	118
229	194	307
85	40	27
96	48	282
216	388	198
3	56	34
294	85	228
260	154	215
241	477	248
336	459	270
116	16	27
94	259	343
111	13	25
310	216	505
344	164	102
152	101	160
429	155	337
6	10	165
174	310	395
343	24	328
138	324	338
232	414	261
269	37	280
114	20	131
169	204	93
235	424	242
343	164	273
28	13	19
200	333	262
239	85	99
254	292	333
204	343	273
135	183	137
24	13	26
252	247	199
47	160	56
271	456	271
133	144	58
229	129	204
448	350	186
64	51	102
151	71	128
217	385	225
200	315	471
343	493	152
90	33	93
54	87	273
300	157	278
200	195	94
221	306	309
64	100	90
430	341	278
67	217	152
176	207	155
77	238	69
113	395	287
286	263	157
426	304	208
222	116	254
512	197	318
27	215	153
46	78	82
39	143	147
90	165	188
254	124	149
299	336	86
98	287	202
307	483	296
318	269	187
21	97	117
280	298	235
302	236	148
73	261	197
288	309	294
243	314	145
46	300	324
180	35	173
301	248	521
285	227	207
73	198	142
121	64	268
196	166	129
191	47	9
341	122	325
302	154	42
333	114	152
312	242	342
34	301	92
133	83	333
115	222	292
29	15	19
143	61	46
346	304	333
150	256	300
260	180	117
308	133	333
305	248	75
293	217	183
219	306	258
89	109	37
287	248	444
145	155	172
344	347	226
112	152	151
266	171	333
210	314	302
71	213	201
310	35	344
179	191	208
41	350	299
153	117	42
123	147	220
100	62	83
350	122	318
91	336	296
146	264	287
167	155	67
264	426	276
190	270	18
97	345	7
213	308	225
36	45	5
222	223	122
329	544	228
284	392	173
85	124	140
18	262	184
135	195	147
304	134	227
100	6	114
88	127	137
116	170	116
160	341	258
277	185	80
79	286	238
202	143	277
6	246	175
119	89	84
47	54	110
324	507	220
337	40	294
328	235	247
75	86	107
255	378	233
112	63	79
79	31	303
191	292	140
101	145	86
50	105	96
332	160	283
164	142	143
69	180	71
244	263	136
33	9	93
105	107	135
228	122	157
182	403	339
298	107	383
348	305	436
114	77	155
107	170	172
186	192	211
119	257	225
92	14	279
61	271	60
288	298	339
157	50	115
99	382	317
108	248	8
336	75	353
61	47	92
168	52	289
369	309	292
113	130	50
111	89	57
113	140	131
277	208	439
78	184	301
30	63	59
30	253	212
246	107	145
277	218	327
292	163	136
157	218	297
314	530	264
299	141	237
299	180	35
204	310	189
43	8	229
106	140	91
218	304	441
85	78	87
35	15	115
299	317	56
112	274	304
91	244	239
146	206	212
57	35	131
205	140	309
48	94	51
116	50	134
10	86	94
198	239	307
261	237	390
12	121	107
613	333	304
314	325	108
117	383	285
162	58	195
322	75	65
45	22	26
75	38	35
363	264	184
294	328	39
265	166	269
159	243	176
78	72	135
79	291	275
269	301	308
197	62	320
229	363	295
293	136	185
14	189	241
88	85	59
21	227	207
308	193	260
338	379	111
268	339	184
278	303	134
229	275	474
232	175	345
136	302	86
86	99	68
336	340	385
241	228	392
124	80	5
246	195	428
179	343	270
255	269	196
266	101	15
239	384	204
107	101	39
158	26	159
201	310	3
279	319	227
28	124	110
244	198	100
212	235	33
105	50	72
46	60	45
148	300	418
107	181	225
160	206	336
70	205	172
254	43	310
237	42	29
110	324	231
282	193	232
10	37	146
344	96	112
147	271	297
65	110	343
44	132	138
279	149	330
335	339	196
327	28	250
212	143	224
80	196	129
213	113	49
58	24	4
246	216	67
348	321	432
15	5	12
40	59	49
134	73	191
103	137	235
16	98	132
271	289	169
58	68	234
28	77	153
16	41	219
62	150	158
51	198	179
196	199	332
178	276	412
171	92	170
84	121	137
297	215	465
58	99	32
296	119	347
198	195	27
288	307	333
170	257	135
457	323	209
214	142	247
118	185	278
196	100	275
19	79	70
128	276	300
64	58	17
288	410	250
397	171	326
24	9	69
252	257	51
202	315	210
282	213	176
304	235	126
165	216	102
322	456	337
194	187	118
189	168	105
110	102	267
380	235	285
164	84	64
97	239	154
415	230	313
245	33	276
251	41	328
533	241	309
285	279	206
213	276	298
175	105	224
139	107	96
302	250	200
121	101	98
267	464	259
37	24	28
45	195	329
34	231	82
24	126	125
528	343	306
236	221	110
42	192	263
126	418	309
80	62	138
186	204	322
252	68	343
131	66	148
15	6	245
297	381	170
209	89	179
154	67	163
367	42	343
186	98	233
378	316	84
133	255	238
113	215	332
84	57	73
203	254	342
270	520	310
195	105	230
117	349	105
190	161	91
238	20	228
34	306	183
90	104	104
25	219	82
262	238	167
364	324	304
249	190	146
246	219	109
114	101	178
468	314	234
144	244	319
8	140	85
294	291	31
125	246	245
327	534	230
139	40	111
331	211	193
326	415	299
308	316	131
76	47	77
262	314	182
16	97	99
167	102	66
71	221	242
48	52	41
154	346	289
251	150	252
89	117	184
312	207	405
293	30	294
416	255	239
94	197	246
294	52	309
202	326	139
133	262	205
127	155	79
361	91	299
71	37	95
126	77	105
110	120	208
145	55	337
114	41	106
128	160	226
59	66	54
106	145	217
204	59	156
25	161	70
208	511	336
195	169	122
295	320	336
186	296	191
289	257	312
120	315	26
194	206	16
277	299	271
227	21	3
317	241	432
334	149	171
163	36	33
192	254	179
69	73	119
61	265	97
249	284	196
159	52	201
303	176	156
40	55	43
74	56	86
268	46	95
95	225	181
171	127	129
75	68	98
303	193	136
101	190	165
175	402	344
195	289	97
169	156	193
160	146	61
325	145	88
42	282	269
339	572	317
222	4	238
522	333	241
333	276	302
61	287	193
415	152	304
493	278	250
264	293	299
311	289	87
377	162	274
154	289	258
321	278	298
170	263	295
136	167	82
121	262	214
164	307	167
190	485	302
92	241	70
308	260	68
361	163	279
270	226	113
284	40	188
81	48	34
165	336	79
156	206	267
200	156	44
64	13	50
296	57	293
159	212	150
225	219	240
154	359	251
168	220	356
111	270	148
92	241	250
197	225	352
361	76	296
291	181	369
295	218	157
344	109	187
253	95	97
270	202	155
262	266	377
583	340	269
314	202	431
189	301	437
323	219	218
281	108	310
238	201	184
154	125	224
250	269	266
173	197	50
151	187	297
335	334	112
315	15	214
239	228	433
175	315	288
84	198	267
199	331	257
308	262	350
182	23	328
194	279	177
286	132	229
20	55	193
310	248	447
191	107	246
239	61	338
46	23	4
226	108	347
38	51	67
161	271	320
346	263	334
94	75	40
227	269	87
71	102	155
94	117	73
350	256	265
219	115	197
178	370	316
293	465	286
404	332	136
53	257	210
381	239	194
72	350	309
4	6	9
187	382	216
160	320	171
258	293	313
104	120	196
333	101	420
163	158	213
225	341	340
13	170	119
42	303	322
14	231	165
232	73	27
260	274	147
333	310	16
102	261	222
298	98	250
107	191	85
201	415	290
224	308	233
199	34	20
91	125	156
205	242	276
223	182	237
139	311	304
115	117	100
82	207	260
126	23	113
338	20	77
319	461	173
225	75	196
278	278	541
76	171	90
202	38	184
176	239	169
329	170	238
345	345	250
114	27	99
294	339	254
165	127	74
108	374	331
218	345	513
65	48	103
134	351	259
105	84	108
136	311	196
3	293	238
285	147	271
236	153	261
339	123	365
122	42	285
164	155	239
78	126	68
93	214	195
130	261	153
115	279	281
374	192	184
151	215	269
349	31	91
72	317	246
293	268	220
5	64	121
336	209	292
131	216	341
333	255	236
45	319	65
305	262	166
33	83	151
252	79	45
405	318	144
126	98	162
194	400	208
71	83	132
63	314	166
185	135	207
130	72	77
217	66	268
145	243	303
154	326	59
166	345	189
152	127	289
183	159	19
182	88	233
48	173	54
33	33	43
110	201	177
180	245	15
193	223	99
123	52	197
425	187	310
294	286	267
302	34	65
180	98	328
101	146	131
148	306	281
224	101	203
157	136	5
146	84	102
156	270	157
75	121	54
396	173	303
339	14	123
120	76	169
231	42	51
322	122	140
285	531	293
25	117	71
161	24	74
250	277	106
140	319	265
264	82	342
96	95	261
174	90	350
240	130	124
196	114	213
145	26	116
394	255	239
28	59	68
156	257	52
348	62	343
155	220	372
145	142	25
103	237	200
49	168	205
22	267	192
262	257	340
150	220	207
88	23	87
181	324	231
223	167	64
238	22	230
9	18	13
357	247	335
149	163	314
15	336	299
171	174	330
494	313	262
235	330	118
212	293	429
199	296	119
168	42	212
451	334	287
304	292	151
101	224	112
286	424	326
362	248	185
11	298	208
165	132	270
130	78	53
350	135	283
6	94	11
275	129	337
87	86	14
99	153	175
59	86	53
225	32	31
250	111	190
67	70	9
271	350	149
286	263	150
166	152	154
194	225	104
10	133	167
149	67	135
330	576	323
58	235	342
19	15	293
215	45	103
87	308	270
186	42	302
286	327	165
245	147	52
103	192	294
78	147	20
307	145	140
48	118	180
200	193	58
303	328	307
262	237	322
10	166	220
247	264	119
266	141	167
291	275	86
33	79	90
333	284	65
273	385	268
157	60	218
5	33	12
161	196	155
348	520	217
319	337	569
255	297	149
108	30	90
246	228	168
350	107	266
508	238	285
169	303	170
195	156	237
127	122	112
30	157	185
462	285	279
306	529	297
141	473	349
348	354	40
215	286	187
68	169	151
62	202	38
196	161	225
478	349	175
173	346	17
263	254	31
316	295	224
320	184	222
120	234	168
334	79	32
343	469	301
147	92	315
434	311	334
268	336	80
228	224	336
140	209	301
304	382	177
153	186	52
166	210	137
166	103	307
91	31	114
147	136	79
114	32	241
7	132	130
329	81	203
228	251	212
298	318	171
150	223	235
311	181	138
287	349	171
396	177	340
361	192	181
5	71	345
368	128	261
89	118	127
333	349	502
134	377	248
266	212	383
192	417	345
601	348	278
113	32	32
314	143	409
81	37	136
404	227	189
386	246	269
422	254	212
318	541	242
301	88	322
222	172	127
208	210	258
184	347	399
82	108	152
158	75	173
29	208	145
184	207	292
256	235	358
136	128	165
249	215	279
343	293	461
183	187	117
146	180	199
293	51	189
180	100	232
149	54	108
138	156	122
369	285	209
259	312	139
321	470	181
230	260	324
214	358	220
246	249	87
433	349	87
306	224	86
415	279	148
92	249	289
35	80	82
118	165	54
177	292	221
249	76	223
121	276	48
207	307	299
88	182	169
219	177	151
37	252	153
52	62	96
270	215	330
101	197	47
220	202	204
391	295	320
216	150	171
288	154	35
251	358	180
284	265	65
251	85	200
154	90	99
528	276	345
69	102	43
347	468	170
558	348	273
339	169	144
123	200	151
169	352	246
208	299	204
325	208	532
341	229	125
201	199	83
89	250	186
297	183	197
167	102	194
38	14	22
52	34	77
22	235	42
222	263	84
328	623	329
271	161	138
289	89	124
317	462	238
111	177	208
122	343	143
349	243	345
52	207	193
325	19	171
6	153	98
230	228	324
384	220	212
36	191	135
191	82	201
161	47	49
349	392	324
145	151	34
300	183	235
294	245	58
266	69	113
311	454	173
116	227	165
541	345	212
606	318	335
280	378	288
460	262	332
255	151	337
302	288	571
353	128	339
385	345	57
7	10	8
130	212	139
314	314	48
233	402	249
221	357	229
138	20	311
251	122	152
244	291	454
222	54	55
135	246	260
98	169	221
560	301	286
321	156	106
139	295	277
104	145	33
241	292	113
61	138	323
186	74	298
126	117	61
343	64	213
248	202	213
6	228	29
330	386	141
43	6	83
329	150	163
165	190	349
216	83	5
9	93	200
261	147	279
293	79	128
191	179	220
302	269	164
9	250	33
178	271	281
249	189	226
282	242	131
60	322	292
239	395	175
95	183	246
138	106	283
176	113	233
278	212	19
129	379	257
330	195	449
95	230	166
277	288	71
237	159	16
92	105	189
528	336	201
214	239	110
351	176	293
19	127	100
315	312	157
28	214	9
327	277	524
344	425	91
62	187	180
98	38	90
82	123	262
293	56	139
307	208	318
258	280	319
187	289	290
32	209	186
338	251	137
140	100	148
159	242	133
150	156	37
244	230	107
566	347	249
10	203	100
139	239	52
140	45	85
270	178	59
279	223	33
280	527	303
308	349	90
327	64	99
241	34	71
198	219	165
236	143	164
269	162	53
173	83	206
296	227	191
275	348	79
224	169	77
91	281	200
59	159	187
47	61	208
143	3	89
338	195	125
5	5	3
147	183	229
245	171	321
65	96	283
184	206	344
115	214	192
215	80	223
176	84	172
290	285	144
278	41	171
179	94	15
322	318	16
178	69	231
324	239	433
88	38	240
252	197	133
60	112	142
217	244	201
150	60	35
304	220	182
73	141	80
205	170	265
186	95	290
172	168	20
145	95	144
28	95	82
203	331	289
167	146	260
248	251	48
138	123	141
128	300	372
249	229	71
88	143	58
216	406	193
203	188	28
55	339	242
267	471	221
77	177	115
60	221	308
182	172	135
181	134	14
188	279	262
201	177	101
187	256	329
29	12	23
209	68	158
30	85	164
300	311	581
162	183	277
23	81	71
60	56	51
439	172	284
10	20	161
136	208	240
169	317	171
273	568	350
98	74	147
456	316	176
421	159	308
103	380	330
340	421	303
346	508	272
126	289	346
212	352	279
349	312	632
31	328	285
77	154	137
223	264	296
67	42	42
149	268	340
230	236	391
336	52	314
692	347	349
54	59	39
42	146	74
19	30	14
23	153	254
90	115	119
242	97	308
124	135	88
33	208	226
97	145	52
180	192	10
344	303	39
324	224	123
268	272	43
262	263	498
322	185	128
215	16	45
78	86	118
84	155	139
289	105	238
238	210	195
131	186	98
374	70	326
41	199	130
190	277	392
286	306	71
92	275	339
31	180	248
490	341	257
183	274	3
445	297	174
528	260	270
199	48	42
156	83	126
157	319	433
233	212	111
129	20	149
75	223	191
248	334	333
264	293	324
106	219	167
32	239	247
304	190	387
207	107	291
259	126	203
221	347	288
124	139	47
147	16	240
337	329	241
326	108	248
88	150	142
235	35	202
325	134	280
106	254	120
209	217	11
104	116	66
38	208	171
196	161	87
131	42	128
191	215	55
282	130	335
201	19	147
293	605	319
76	178	158
319	247	82
198	290	396
135	130	71
149	136	30
117	106	166
3	114	334
51	80	124
270	190	356
33	133	243
265	455	217
313	108	419
206	342	64
376	247	173
311	267	136
342	387	212
196	337	50
236	211	236
310	176	206
215	129	127
96	102	250
134	259	366
158	193	77
113	340	324
102	324	333
131	303	400
94	338	398
287	222	370
223	282	235
380	284	261
135	309	224
222	205	244
264	5	274
24	110	98
161	141	304
147	237	261
327	79	274
85	265	218
168	154	131
212	234	202
274	189	73
219	65	170
190	147	200
231	358	331
266	283	335
135	227	165
171	322	331
219	336	162
116	173	201
330	155	269
156	53	157
38	14	153
193	380	253
186	170	115
252	250	424
130	283	291
114	72	279
320	155	220
317	73	250
228	137	263
202	211	329
58	60	103
321	303	582
301	359	308
108	217	188
216	271	154
330	297	622
196	108	39
68	265	117
131	156	118
261	54	41
185	279	450
96	83	112
364	346	157
84	23	160
86	83	4
148	221	122
227	426	290
282	236	27
86	15	167
272	288	340
87	60	41
154	59	5
271	297	103
533	285	274
321	222	372
312	392	190
56	233	138
263	174	228
11	326	36
276	198	451
368	308	77
134	150	75
269	458	225
239	180	125
225	101	123
41	163	114
360	280	104
306	562	296
323	212	434
339	10	156
57	116	295
172	130	88
344	343	508
337	444	219
66	302	129
161	173	298
100	140	112
13	239	345
61	262	208
47	120	69
161	477	341
318	229	206
247	127	264
216	194	44
288	152	148
245	252	372
99	88	68
345	369	309
69	71	26
122	71	89
242	302	94
46	5	68
375	288	165
324	276	139
207	189	188
126	244	25
312	109	265
230	66	44
237	256	4
278	328	180
123	55	225
134	128	10
125	71	95
392	320	118
283	144	426
94	69	233
244	322	140
209	252	195
65	248	53
155	295	263
235	215	135
256	203	109
272	305	189
114	9	125
192	86	32
28	165	192
12	49	82
187	70	10
349	273	77
294	382	247
172	301	369
72	160	129
391	164	319
151	257	17
235	478	265
323	312	576
308	644	350
195	226	174
259	262	178
275	132	291
36	117	288
292	303	339
354	329	321
125	19	141
372	155	257
446	323	225
288	103	327
401	263	255
221	335	132
240	287	240
17	107	97
133	269	129
337	147	316
46	282	294
156	99	19
604	332	288
58	158	134
241	187	57
285	545	282
126	36	229
117	289	234
344	288	171
75	87	25
102	206	74
369	269	185
37	154	86
291	219	154
312	227	251
260	157	226
230	136	15
111	332	232
139	285	262
132	152	53
195	161	243
8	86	117
391	146	306
345	397	232
213	33	199
254	27	31
185	92	154
139	359	285
323	88	153
23	237	230
38	36	42
544	254	328
325	198	290
505	304	202
7	294	28
297	149	330
202	505	336
20	56	89
237	324	473
134	210	158
132	202	156
135	254	55
123	142	323
436	289	231
237	280	79
247	171	269
276	225	62
138	67	320
111	112	290
289	394	194
205	205	264
142	173	249
293	70	287
208	310	214
282	348	371
134	229	244
281	298	410
325	222	224
169	190	149
55	275	225
188	210	37
163	149	147
153	296	299
243	145	305
101	174	165
134	171	112
142	215	56
257	97	351
323	180	60
226	122	88
19	128	319
154	263	399
296	176	143
28	108	22
143	262	171
330	71	300
297	189	420
42	78	99
119	256	287
86	86	212
203	261	304
218	215	97
103	163	34
159	210	113
227	274	115
257	256	147
295	230	461
10	157	152
163	112	80
143	314	110
198	209	325
296	314	140
313	76	5
432	299	165
67	230	215
228	292	246
469	313	262
291	209	237
234	150	166
190	10	212
322	339	328
97	287	119
209	170	362
139	59	64
271	253	295
370	172	274
150	155	129
146	132	46
72	51	166
189	272	137
131	9	78
135	41	106
327	229	199
230	244	216
262	293	162
183	211	152
485	194	292
168	119	255
233	23	186
46	31	255
265	128	175
214	104	122
63	50	254
225	216	430
27	199	210
149	315	437
211	385	211
403	310	305
133	121	48
200	163	169
188	184	311
127	112	109
103	152	181
220	356	154
27	49	33
345	186	174
332	208	281
50	337	247
75	107	123
47	76	223
44	116	109
78	73	334
152	47	334
283	209	469
89	92	27
89	128	171
373	237	188
232	151	100
86	75	8
420	229	320
234	105	97
161	407	277
128	84	234
149	138	206
56	64	105
219	244	230
92	64	27
71	164	206
119	92	59
170	214	62
343	316	180
132	200	212
520	345	287
158	141	63
306	24	116
331	140	199
133	256	140
411	276	203
118	63	190
203	127	117
70	118	340
85	123	159
196	289	212
199	261	143
251	96	235
262	84	46
208	98	142
338	72	249
276	149	182
100	169	93
110	171	250
6	55	80
30	132	108
10	59	113
354	116	311
76	184	222
173	118	86
55	138	41
350	219	524
32	263	136
151	98	92
157	187	237
52	166	116
68	188	4
148	185	179
273	199	198
247	221	92
346	367	191
249	390	239
120	258	29
338	514	234
245	120	24
40	45	87
77	153	24
88	128	82
94	166	98
209	192	307
384	321	95
339	264	341
231	105	151
210	57	156
388	166	314
117	248	156
187	281	39
256	404	188
240	191	78
133	283	239
344	275	22
150	176	260
161	270	197
4	65	83
193	119	47
321	318	217
106	70	72
131	82	121
95	248	318
280	130	230
223	341	429
276	155	6
585	327	276
3	90	81
209	208	239
352	318	193
37	34	43
180	95	90
278	15	271
333	48	318
19	23	28
100	315	229
341	346	278
303	263	337
112	441	349
163	21	126
64	46	224
198	236	77
308	104	216
46	13	186
173	339	441
165	149	175
134	302	314
286	306	252
57	9	21
95	35	99
209	169	171
88	201	267
133	49	243
210	347	346
188	242	83
286	418	248
276	190	315
87	223	87
337	611	338
281	61	95
357	349	132
162	218	57
219	168	108
194	218	303
258	237	168
8	21	85
127	69	194
213	80	233
22	224	110
98	102	27
227	204	271
29	57	55
328	349	288
26	84	317
162	57	126
182	118	281
282	10	55
26	92	93
219	331	345
334	201	353
63	179	201
291	290	130
262	460	289
324	36	32
135	228	314
16	185	112
193	41	159
168	295	69
256	208	298
108	93	199
331	155	28
443	263	318
26	107	18
100	132	218
216	172	60
193	188	341
332	390	72
107	234	179
108	128	104
38	4	134
171	358	270
344	229	489
49	46	96
172	92	56
291	291	95
314	11	13
20	54	326
137	74	49
254	327	39
142	171	144
266	350	129
149	194	91
125	62	17
114	182	245
25	272	40
272	138	232
289	229	491
125	228	243
39	18	118
143	284	18
255	234	146
68	213	59
221	39	103
38	186	41
162	164	159
109	126	89
148	275	147
325	393	77
294	506	263
296	187	236
522	325	286
209	157	81
243	204	142
341	495	163
271	204	350
243	121	131
241	82	312
223	199	193
262	137	155
57	74	87
66	336	332
178	130	303
299	270	503
270	203	142
338	470	148
202	253	216
572	312	331
82	80	13
223	114	277
298	103	39
236	152	385
325	504	246
130	263	227
33	150	136
144	185	290
170	209	141
100	158	262
21	63	46
123	129	110
255	282	243
155	157	44
376	346	224
296	170	54
311	248	291
308	226	114
26	113	112
249	459	278
302	534	316
20	163	197
321	232	229
91	101	163
334	235	386
319	354	241
168	52	259
41	67	39
268	307	298
163	113	142
341	405	294
282	305	90
172	280	121
303	291	460
76	145	109
352	259	183
313	277	577
185	176	246
283	184	277
326	326	135
201	388	276
45	259	277
234	73	119
73	336	269
132	194	259
43	6	81
135	168	59
280	261	78
162	383	242
269	117	331
38	147	72
83	309	223
319	329	97
180	289	304
110	8	274
47	188	175
288	256	57
290	347	275
252	96	234
242	162	211
169	257	310
313	5	101
280	62	236
115	234	133
277	285	293
175	306	180
72	39	99
24	245	89
250	269	67
158	62	172
292	395	139
216	203	213
183	50	71
77	96	93
71	34	121
208	405	287
168	245	337
246	310	464
307	120	132
233	161	344
347	59	360
265	26	5
140	320	375
134	73	67
105	11	111
325	185	326
44	166	264
428	233	281
244	130	115
417	258	289
394	279	308
236	278	338
91	44	172
240	350	227
239	188	323
86	87	65
249	191	244
43	11	316
98	308	127
70	350	363
44	132	95
286	123	238
119	254	187
98	55	100
42	72	120
190	71	223
61	100	75
341	19	65
120	186	349
68	98	92
271	237	180
235	540	333
315	409	342
137	354	346
169	126	37
282	442	265
32	52	244
42	218	239
112	218	117
75	166	141
275	290	498
59	73	34
5	279	259
239	254	101
323	473	264
323	42	140
294	366	162
94	92	38
288	388	308
306	231	452
302	397	222
57	308	292
180	225	70
252	445	286
27	76	6
183	377	234
39	53	42
141	281	304
21	168	34
266	34	280
105	198	33
3	106	244
281	373	317
66	238	33
265	350	324
342	336	299
349	25	165
482	287	305
50	257	83
144	239	149
135	88	169
278	244	158
173	55	130
122	216	112
352	148	314
191	109	149
60	100	107
266	307	327
296	44	217
231	53	144
241	144	82
233	190	142
130	268	207
6	63	77
190	250	61
8	41	203
89	22	209
92	307	386
335	204	146
49	64	33
173	177	148
58	260	222
134	233	129
177	63	203
348	185	168
346	301	100
334	564	323
319	250	243
324	415	339
169	320	178
12	87	75
75	311	252
49	321	116
13	116	127
215	306	516
105	108	93
204	128	87
61	278	8
101	314	326
40	113	273
130	291	134
315	220	347
164	184	32
316	276	79
122	65	81
247	71	226
206	198	135
283	204	289
227	202	30
128	20	52
220	127	201
246	562	326
127	71	20
94	39	37
131	124	60
75	229	40
222	59	23
194	167	271
213	219	105
98	138	183
148	231	159
48	6	3
40	33	102
123	26	148
245	228	107
174	281	195
53	98	174
416	267	157
97	164	70
153	171	214
320	224	263
251	240	278
484	311	304
177	137	179
110	178	202
154	24	240
5	271	203
11	76	92
110	96	309
262	125	344
170	61	132
251	330	523
265	266	514
8	350	127
40	87	176
442	336	258
130	248	273
639	343	305
133	257	172
219	332	496
231	185	54
21	330	285
164	14	207
90	241	180
45	104	67
507	226	299
23	24	55
291	229	461
151	302	195
250	231	310
72	303	285
93	325	234
302	201	83
469	247	340
289	348	344
242	65	25
343	298	34
297	8	321
318	393	167
15	315	7
243	32	180
162	233	15
136	203	338
56	297	297
21	15	10
97	174	28
223	363	279
282	255	110
71	80	117
249	184	145
24	82	64
287	214	37
232	397	226
96	56	141
327	462	203
196	334	228
174	394	327
578	280	334
297	278	490
75	119	165
188	189	194
288	241	247
342	627	334
300	168	140
37	342	224
215	282	165
143	222	90
91	69	112
79	242	277
221	331	167
119	130	94
186	458	316
195	146	318
268	259	352
230	82	281
134	62	222
252	71	283
135	443	321
345	266	109
159	288	256
235	39	130
110	56	67
199	218	92
118	234	192
29	23	50
61	177	183
3	323	323
316	334	280
208	123	96
76	297	73
307	477	299
40	247	19
322	338	63
162	261	296
132	142	215
67	107	85
327	247	465
293	298	29
62	291	157
50	186	163
207	257	373
543	315	272
330	304	538
60	327	50
114	48	121
10	6	240
193	150	270
63	295	296
205	116	316
301	271	413
195	337	208
4	16	12
371	216	253
438	322	286
71	136	145
396	92	344
186	16	37
111	337	312
84	173	184
96	143	199
268	284	230
148	361	247
128	270	388
72	132	104
208	50	183
181	141	151
324	194	315
123	328	445
141	141	258
30	29	114
115	104	185
206	194	42
327	282	278
224	22	56
162	39	254
323	81	279
62	17	95
292	185	356
254	229	456
307	536	264
123	183	295
297	60	39
161	17	57
288	168	296
30	78	106
345	589	314
139	236	221
187	347	247
364	219	249
93	33	99
222	200	250
16	326	289
303	8	264
146	325	189
248	299	346
313	309	39
124	350	154
125	184	143
290	152	221
196	204	208
38	87	77
158	196	88
203	308	184
241	36	227
37	173	318
29	97	31
253	436	224
280	156	138
213	144	96
249	150	74
270	322	141
213	226	174
19	21	37
190	3	89
297	49	119
275	269	366
315	386	235
172	63	93
349	643	329
180	287	258
354	100	331
484	302	326
180	102	142
205	47	347
64	133	90
73	333	146
111	9	202
246	309	71
211	238	58
146	311	193
309	195	371
457	183	323
243	419	242
153	379	245
248	277	57
131	45	267
18	47	35
262	287	141
172	39	168
294	37	286
45	163	117
3	136	278
182	68	202
168	198	18
169	219	237
338	361	227
78	50	47
292	31	258
13	30	332
16	54	232
249	186	165
82	201	257
91	65	87
154	189	272
298	211	229
124	326	437
226	397	307
130	116	184
517	321	334
397	114	286
207	336	82
36	293	25
127	23	308
187	92	260
236	217	307
293	171	207
233	326	126
288	176	61
437	307	191
178	401	302
175	169	41
156	208	57
315	328	126
75	154	105
289	158	265
23	239	7
475	228	301
28	80	146
195	82	68
7	14	12
334	215	475
239	16	172
228	137	292
196	253	369
151	348	211
70	397	340
414	282	269
272	211	417
80	270	328
275	58	172
295	98	295
228	221	140
322	321	179
345	627	323
207	424	348
77	193	86
348	137	200
60	98	87
146	197	265
117	5	55
87	348	410
211	92	76
193	286	431
103	245	248
278	236	234
121	292	200
334	230	193
210	302	143
165	189	262
246	61	227
369	257	252
196	286	316
248	336	53
92	157	236
267	323	226
167	191	211
180	153	309
254	132	247
80	196	162
378	323	159
302	318	78
83	95	324
40	47	124
216	264	311
281	317	381
263	39	116
84	86	103
101	9	64
127	208	272
74	91	36
41	202	42
108	282	53
160	196	132
218	348	556
296	219	25
178	230	153
272	86	235
252	137	340
19	6	11
292	264	265
99	341	174
188	338	454
37	40	22
337	339	540
233	325	159
253	272	194
92	177	175
294	174	186
110	271	318
280	80	201
281	63	236
132	173	251
130	15	100
341	174	370
46	88	37
102	105	329
55	27	80
147	277	227
186	267	343
299	161	360
151	320	281
9	220	205
3	102	43
113	50	146
333	529	312
343	308	629
92	104	20
161	128	24
193	196	316
311	229	513
259	322	333
165	148	236
117	245	346
87	82	133
323	230	209
130	141	199
97	191	133
253	146	110
406	327	279
73	272	314
162	41	150
199	244	23
274	356	229
80	129	235
265	337	311
88	209	175
65	45	315
92	260	86
267	265	315
17	94	93
278	26	292
324	210	271
291	320	212
242	157	99
294	345	293
308	37	309
165	264	417
220	258	34
234	149	138
121	3	148
340	526	294
219	72	136
280	319	572
159	253	167
126	166	207
36	9	194
233	197	208
7	127	20
311	230	338
187	19	252
108	185	203
27	93	32
76	101	52
136	110	116
209	367	211
99	253	88
361	312	159
242	484	264
309	244	547
315	310	572
74	218	169
308	119	286
225	204	289
303	208	175
5	15	14
343	171	22
98	128	50
290	54	342
99	161	263
145	104	103
129	79	180
347	162	383
348	206	183
4	279	100
90	142	18
319	192	428
257	262	98
221	41	202
71	87	61
259	130	187
444	205	278
260	275	278
203	300	215
329	232	151
326	193	311
103	158	157
277	8	60
409	336	309
305	328	151
298	152	152
171	251	157
236	141	143
310	109	302
211	246	103
266	145	315
109	178	83
538	253	293
229	369	177
148	292	298
338	214	63
366	227	168
341	374	43
72	222	233
288	253	99
79	134	256
46	75	137
299	288	528
158	169	60
313	154	94
52	58	80
110	204	309
39	35	50
155	220	186
74	54	90
499	179	326
27	146	170
328	263	442
333	334	644
253	105	235
441	324	140
223	330	358
272	141	338
482	231	310
331	287	455
67	81	49
74	150	144
133	84	178
228	205	339
238	238	238
170	138	211
226	244	97
288	347	76
79	40	101
164	246	211
208	131	273
167	155	233
342	152	205
286	96	60
86	270	13
140	247	305
21	94	44
136	117	175
302	264	312
32	352	349
330	397	283
52	224	37
172	434	305
161	143	248
234	342	113
55	168	303
261	250	350
172	170	77
68	152	287
277	323	65
105	296	104
276	73	309
288	24	58
310	307	78
339	123	438
240	302	356
156	143	89
213	286	379
348	273	254
352	177	333
124	133	45
196	175	25
19	16	8
127	71	65
196	173	142
166	163	348
17	318	109
288	26	116
83	257	174
80	333	319
59	99	67
368	144	237
281	455	328
458	200	297
306	92	305
235	343	239
201	166	135
108	64	69
289	51	283
58	54	7
217	191	184
258	207	30
323	90	154
324	411	294
3	259	28
345	369	34
198	127	216
119	195	122
349	341	95
230	172	117
172	342	427
369	245	286
207	32	208
409	201	219
306	216	262
312	306	187
293	64	244
154	163	302
212	244	72
41	93	57
52	10	43
145	330	54
46	84	42
422	296	324
200	3	196
300	302	184
186	177	327
251	236	111
9	24	57
308	358	57
111	348	46
254	24	53
220	85	268
157	296	96
347	156	356
309	282	552
237	336	303
294	562	272
150	197	182
196	45	166
147	125	173
202	325	429
232	327	122
255	463	217
333	81	278
106	212	152
409	278	156
218	131	143
10	245	148
199	372	316
95	56	169
136	348	73
457	314	330
43	56	191
274	279	313
216	154	329
263	167	400
51	107	128
264	144	294
80	208	217
45	127	241
107	64	65
72	223	155
70	137	200
297	249	260
258	194	101
97	246	8
396	257	163
27	54	213
276	228	39
152	236	246
244	220	280
281	79	76
264	205	79
174	134	31
191	340	72
107	291	185
19	347	327
193	49	272
217	78	212
489	310	307
300	227	218
212	308	326
80	195	81
156	195	245
150	241	387
243	302	296
100	110	129
36	106	40
167	256	212
257	347	186
294	434	266
292	297	147
160	82	203
54	125	220
123	87	169
53	178	180
307	605	341
202	114	110
413	113	347
284	267	188
462	312	324
234	285	27
77	212	143
112	125	219
272	273	481
157	235	98
197	83	252
203	244	272
204	292	177
191	285	293
109	269	71
161	283	199
51	54	194
489	284	282
111	51	103
30	46	21
54	125	78
168	322	139
342	360	195
123	103	212
214	69	94
104	84	86
35	306	155
76	263	319
173	278	336
200	137	137
312	38	314
274	170	224
73	311	316
349	17	157
307	296	5
117	134	185
242	231	261
181	110	224
330	38	20
221	146	249
312	60	300
109	123	58
74	68	74
266	199	242
14	18	7
285	60	315
494	271	302
48	71	183
216	293	483
195	24	9
199	8	147
111	234	39
277	371	163
341	297	596
59	236	242
192	247	103
288	250	194
111	240	16
251	52	231
229	18	105
251	66	36
389	346	59
143	56	127
143	308	388
349	312	375
3	339	135
222	243	28
293	240	373
30	240	81
246	247	127
440	231	234
253	377	255
166	18	44
274	189	322
57	106	158
215	391	208
52	259	16
234	315	93
606	315	322
137	417	302
20	6	16
185	350	478
205	323	139
255	315	292
337	205	386
261	276	170
29	115	130
226	333	339
191	219	137
42	43	26
220	283	216
3	10	104
257	345	163
124	140	67
104	302	346
27	57	40
298	63	21
260	125	350
33	137	215
273	58	226
301	254	495
195	238	81
160	45	64
85	26	312
313	386	127
232	226	308
464	311	279
299	332	156
273	249	190
84	84	64
302	253	357
267	545	301
29	352	343
164	232	21
155	44	10
375	255	309
207	192	266
302	145	271
191	290	162
57	54	35
97	112	37
233	158	231
226	328	339
128	237	106
298	247	115
153	173	42
103	141	163
85	304	340
340	192	26
360	115	291
262	422	177
154	17	321
271	322	518
207	198	288
215	57	70
299	137	344
182	116	111
111	263	5
219	155	25
339	632	345
127	38	234
26	189	202
105	80	334
198	54	154
379	292	272
297	303	280
239	327	163
53	248	278
258	177	134
141	124	18
323	204	524
277	209	39
72	348	321
128	102	172
34	129	46
260	357	156
200	543	345
286	238	117
170	213	214
123	233	330
188	234	3
338	472	204
363	216	313
70	24	210
131	82	83
168	144	198
368	130	287
449	270	261
266	326	415
313	289	599
389	121	270
451	342	194
83	9	117
120	102	24
110	303	202
342	282	160
192	37	160
61	128	52
144	112	214
178	207	206
311	408	173
254	254	164
47	20	70
215	118	18
313	428	313
151	181	137
56	254	161
159	83	157
144	181	301
139	76	179
187	233	214
226	326	399
178	294	229
421	307	153
293	48	298
10	132	323
33	59	37
237	129	42
167	172	207
268	278	282
142	227	142
114	193	173
187	129	275
393	339	350
230	43	267
51	29	167
79	82	86
181	278	393
171	313	245
6	161	131
159	251	292
193	244	425
40	94	133
63	316	14
525	343	203
139	237	109
149	273	152
305	93	74
116	309	65
181	119	274
328	402	279
49	12	271
180	130	242
252	156	160
143	21	59
46	196	163
352	274	216
147	158	235
277	524	305
210	282	162
77	70	50
294	66	235
219	237	30
133	193	50
25	130	211
43	17	34
192	324	257
216	323	318
51	279	164
295	100	212
35	68	144
194	285	244
295	326	461
136	52	39
106	37	34
336	237	178
48	322	328
230	385	258
558	350	225
122	187	177
55	348	386
78	208	166
153	282	400
28	107	86
271	218	207
420	271	246
97	116	197
125	337	238
323	98	188
169	103	81
7	54	92
282	321	590
375	186	257
217	210	404
175	125	137
337	517	269
305	434	296
132	272	393
195	200	312
163	103	255
319	235	107
67	264	312
390	211	218
325	475	322
30	106	84
95	131	195
172	350	115
63	75	34
121	124	350
573	305	287
318	158	244
275	231	458
203	191	320
198	448	311
291	321	467
349	233	397
315	222	44
286	284	178
163	271	309
317	16	311
98	277	199
312	318	486
254	88	318
121	346	33
61	50	127
581	307	289
176	243	191
321	229	113
177	237	162
341	17	76
292	314	178
152	145	155
122	133	250
153	199	291
28	57	113
92	124	158
48	335	11
285	119	192
172	318	442
301	193	339
91	113	55
124	79	346
95	313	141
48	37	60
24	4	31
181	223	118
272	304	36
35	93	71
43	89	188
274	255	326
185	238	188
150	158	274
62	334	232
58	77	153
206	290	447
80	83	46
248	355	120
200	4	125
320	310	298
297	36	304
276	184	323
70	130	72
350	58	209
234	21	167
3	108	140
300	95	319
133	140	83
24	265	268
352	288	222
162	62	79
188	241	325
48	175	131
285	170	377
423	211	283
218	37	214
349	168	107
156	156	255
155	194	57
25	330	56
443	323	267
295	309	141
321	213	21
220	303	317
151	70	118
310	330	64
192	69	42
239	268	84
30	41	41
80	132	146
11	271	220
133	98	114
571	272	347
178	293	136
362	261	290
318	250	334
62	264	142
290	366	79
88	372	325
326	313	393
305	86	345
156	132	283
259	71	214
102	147	344
236	241	37
317	278	515
72	286	334
212	389	203
317	349	494
334	102	429
218	167	167
308	168	219
480	305	312
173	307	221
219	104	119
144	60	111
133	333	204
136	96	143
365	318	224
17	60	45
42	23	50
63	208	19
101	21	55
332	45	134
183	103	246
65	14	41
13	19	161
226	281	233
92	136	157
295	304	133
248	129	125
573	323	339
256	343	432
234	177	377
45	80	100
100	7	125
92	341	267
341	249	436
118	94	116
236	191	224
46	221	186
72	231	187
334	332	459
307	245	95
55	93	159
275	334	186
8	74	84
115	367	332
82	226	249
59	225	263
254	244	128
247	257	66
266	103	142
285	50	57
179	127	174
204	206	326
162	115	74
105	38	78
134	126	25
349	332	395
143	417	329
14	246	305
374	183	210
108	319	284
268	155	404
351	55	315
64	48	98
45	211	310
61	139	85
157	330	322
30	3	114
310	173	264
416	347	79
36	82	102
89	84	10
53	104	14
250	240	368
56	80	64
335	83	217
238	10	185
334	309	142
58	11	225
4	26	38
111	186	166
188	51	171
276	136	272
263	29	249
334	174	183
229	275	323
20	346	347
201	59	13
119	153	247
126	141	210
311	297	81
71	9	218
226	21	39
259	202	145
268	339	297
244	274	116
153	205	321
142	307	5
197	228	213
263	426	338
239	248	30
49	80	48
54	33	37
20	236	247
94	174	263
338	198	218
261	310	336
90	131	103
110	63	103
39	41	32
175	136	232
255	59	103
198	377	290
58	99	142
340	235	375
59	34	173
89	89	143
238	269	412
147	211	272
272	99	189
144	238	309
178	132	131
307	118	283
325	243	467
219	126	230
129	64	220
335	162	155
33	45	25
119	36	146
302	306	121
338	247	272
22	111	75
331	214	143
266	229	152
189	101	219
281	249	402
101	233	233
136	163	66
58	258	149
349	116	301
476	270	264
280	336	98
108	298	208
102	339	241
277	578	313
123	73	69
65	184	63
338	226	209
137	78	170
329	256	210
76	179	77
302	293	166
331	122	311
79	205	194
365	284	335
15	3	170
281	338	325
236	343	552
43	284	128
189	343	58
44	79	59
265	133	186
96	102	116
121	228	112
72	347	132
248	112	249
84	66	88
37	4	4
127	8	49
218	54	335
341	3	183
128	78	55
106	322	217
242	237	26
302	335	133
117	128	163
248	128	319
296	323	493
185	96	169
339	300	84
128	142	236
46	235	236
210	297	334
322	196	353
336	164	349
248	235	348
330	311	250
69	150	40
98	111	16
171	285	245
194	220	199
96	188	147
227	181	108
84	35	42
159	245	109
136	290	12
229	173	253
287	205	258
450	300	313
118	280	216
110	230	223
91	37	126
266	165	317
112	99	88
286	395	304
334	228	357
330	19	336
251	298	227
37	127	325
451	277	198
149	381	347
241	256	215
16	9	8
280	189	175
60	323	304
130	203	220
184	229	181
193	309	238
144	329	284
145	267	273
302	143	411
200	132	95
29	30	30
288	41	300
26	144	43
258	116	319
178	171	32
290	285	447
25	163	62
375	240	216
46	368	324
17	144	199
269	5	232
239	476	286
267	39	26
356	267	266
301	73	293
247	71	102
48	169	212
16	26	19
231	247	200
202	206	143
171	299	157
91	154	35
7	308	35
286	294	123
176	48	188
160	355	288
251	547	346
134	58	31
216	262	53
170	11	43
111	309	200
305	197	238
79	108	190
257	12	133
453	169	339
227	238	196
331	323	173
79	308	113
408	324	341
119	312	309
309	204	436
25	164	302
88	49	63
334	73	362
158	139	262
191	230	368
261	114	157
186	471	291
19	113	93
70	226	241
161	221	190
49	239	314
45	79	56
18	107	162
303	165	81
77	106	85
175	169	129
154	344	243
301	511	298
183	225	235
188	69	229
60	317	224
30	94	83
30	240	88
330	384	149
15	38	25
108	177	114
245	253	172
122	43	310
250	477	319
224	363	275
218	7	175
353	336	281
184	202	40
460	330	332
87	105	82
207	36	56
329	392	95
117	197	208
342	159	205
31	97	258
338	162	212
268	137	27
125	21	166
132	266	337
236	131	248
115	92	118
359	256	113
297	283	260
109	197	16
191	333	13
337	396	347
242	256	112
203	255	89
17	151	347
77	203	211
85	275	339
127	304	367
335	208	175
37	276	7
84	338	286
179	136	246
324	266	269
131	36	65
113	402	297
68	200	166
186	284	126
257	399	269
14	316	138
241	316	190
163	38	331
409	299	244
169	182	125
87	85	15
347	94	208
172	330	198
205	286	63
320	268	444
100	222	140
274	256	182
101	118	118
47	166	143
56	148	119
167	410	280
221	285	73
325	303	342
217	86	242
94	180	198
193	146	318
22	111	48
353	303	262
148	65	255
303	215	254
76	212	159
184	163	65
76	280	121
62	172	127
349	233	268
507	318	293
125	129	104
142	105	155
128	68	163
312	184	292
36	271	196
207	321	241
143	87	88
48	42	241
200	15	205
273	194	26
289	11	206
24	11	319
267	79	327
252	88	246
134	83	151
431	261	214
129	89	167
199	438	273
88	262	52
273	265	149
338	175	277
290	328	182
328	156	391
274	195	223
214	4	297
318	331	89
81	65	20
164	278	34
140	74	92
329	166	212
439	226	245
365	151	285
49	237	14
328	112	108
150	71	136
291	305	230
22	28	66
262	168	288
170	346	254
29	273	275
285	255	126
58	138	335
171	59	132
270	103	326
341	315	321
294	289	300
265	319	288
19	16	25
412	225	202
336	309	282
180	225	54
289	181	208
130	171	124
203	147	328
77	273	126
43	107	112
174	139	53
222	255	257
324	334	71
199	199	141
35	7	279
215	287	214
242	321	62
60	133	156
108	208	218
156	134	69
311	216	415
373	322	201
191	214	176
521	281	320
84	103	262
155	151	229
38	54	132
119	169	33
241	275	185
347	391	291
377	145	254
84	206	86
35	265	200
123	230	293
116	364	263
3	98	108
280	334	128
263	97	250
139	291	293
67	110	290
39	26	38
97	187	98
25	140	339
127	79	180
196	285	415
378	307	288
296	281	233
199	216	173
123	48	83
317	36	342
204	141	83
100	270	265
244	341	334
160	10	52
132	128	197
167	167	166
277	112	236
284	209	207
336	409	88
148	210	116
269	180	207
159	109	15
104	246	174
347	79	12
146	172	198
312	559	274
21	11	81
231	114	144
314	314	582
267	324	286
174	163	130
119	201	198
168	62	309
289	515	273
177	110	104
95	130	275
98	210	85
310	10	316
56	82	61
195	7	250
316	563	254
486	264	282
161	86	271
24	270	240
218	536	337
212	318	301
106	165	74
139	47	45
199	224	21
260	333	134
213	141	97
203	298	106
48	232	98
201	13	200
198	238	54
269	252	206
126	3	342
82	251	215
285	512	303
343	90	293
434	228	306
153	163	68
311	584	306
195	64	174
101	210	52
93	114	104
163	176	276
275	16	283
210	165	327
36	60	210
255	178	114
209	231	338
58	90	117
246	331	133
192	218	284
127	73	5
220	171	19
312	353	67
222	127	164
51	174	50
232	338	276
237	505	297
272	90	194
178	248	130
332	654	337
137	281	104
311	209	198
249	199	260
56	256	309
166	323	234
253	107	235
269	224	213
331	120	55
141	185	292
165	15	130
120	256	196
21	290	62
26	163	159
50	176	182
134	239	287
186	279	196
14	324	127
350	317	60
301	132	103
105	41	146
24	36	40
347	205	218
185	59	109
340	332	135
109	248	288
206	180	110
240	48	156
24	275	295
316	294	36
302	301	395
275	275	314
252	6	8
183	326	330
235	52	231
281	56	188
364	255	124
114	51	108
106	161	260
144	334	225
409	220	304
65	91	327
92	30	87
48	184	166
157	133	198
234	348	126
55	55	70
256	18	257
326	464	333
189	209	302
190	195	274
201	384	294
179	28	321
233	244	130
242	211	114
274	185	403
398	254	152
287	363	110
193	261	221
109	160	191
166	349	347
338	475	178
80	154	149
212	333	437
338	108	282
351	75	289
255	278	526
220	225	268
292	34	304
180	312	206
172	264	173
130	130	166
194	343	327
252	14	128
36	151	124
70	247	177
183	361	243
340	217	240
326	177	179
320	412	345
11	99	39
71	287	338
224	162	285
57	313	158
61	339	134
186	210	164
48	37	74
75	111	131
343	66	242
420	290	234
88	221	225
334	124	252
150	396	282
185	141	139
198	117	178
344	625	284
283	62	89
34	3	8
318	246	90
83	152	87
331	166	319
63	226	69
39	253	16
103	160	163
7	26	40
322	157	100
53	148	59
202	4	332
111	118	60
323	24	303
189	253	141
240	123	295
284	214	45
275	488	221
23	317	42
15	205	85
344	148	294
39	136	140
6	8	25
166	218	96
153	138	99
183	119	200
272	43	106
88	3	90
132	86	81
192	89	129
238	118	186
166	338	273
225	363	305
151	84	204
216	94	44
269	235	158
43	68	146
244	55	196
268	305	65
62	31	324
49	92	78
350	340	213
162	93	275
234	127	209
404	311	293
14	215	291
226	144	269
360	269	118
114	88	88
399	338	162
265	290	53
153	23	109
210	100	349
239	103	293
13	55	151
185	150	224
28	167	120
113	228	269
100	172	102
232	436	280
342	288	142
9	216	67
174	201	93
195	310	40
221	215	22
325	267	172
218	280	77
340	222	26
249	214	215
81	158	219
450	331	329
188	286	279
53	237	21
293	201	206
183	211	162
225	203	423
223	287	447
199	170	311
130	400	299
168	437	339
55	119	128
393	166	247
9	162	176
292	243	470
32	223	197
38	86	90
74	105	97
337	99	282
157	312	283
279	186	171
58	155	277
222	310	113
98	153	237
75	213	51
219	252	109
140	352	330
174	92	38
111	77	291
208	169	183
86	143	202
149	180	19
339	94	280
310	319	307
216	216	314
334	87	267
178	263	234
342	269	199
15	164	277
93	16	113
269	255	521
265	271	377
291	237	413
140	324	310
449	242	285
42	39	212
245	134	105
325	313	421
254	506	293
320	204	434
166	432	303
333	90	383
279	270	353
298	149	210
187	196	109
100	91	99
282	196	175
184	170	327
29	272	69
114	35	237
76	91	238
180	108	109
5	186	350
53	92	104
240	304	507
144	152	274
195	321	231
344	96	253
159	365	313
246	328	338
261	294	241
294	176	434
292	291	33
8	165	216
121	74	120
225	222	217
87	320	194
342	295	260
133	176	307
205	152	70
258	130	126
225	339	123
22	21	37
327	113	252
232	166	386
183	301	206
161	274	252
326	169	316
34	301	193
342	200	516
113	105	125
48	202	181
52	8	94
113	185	110
348	347	374
110	341	193
252	16	301
129	25	76
206	242	38
24	329	273
10	7	72
216	144	146
205	106	98
146	192	197
149	222	183
229	166	98
294	95	239
174	159	63
166	222	370
190	168	106
350	590	299
153	34	131
310	409	188
202	307	260
120	117	216
22	56	57
88	111	154
212	151	214
506	199	331
277	222	340
289	295	446
79	44	218
162	154	132
480	269	300
187	175	175
115	223	225
107	265	237
229	251	54
346	337	136
213	231	77
141	171	168
75	36	53
291	289	467
122	81	48
85	32	77
197	89	15
66	251	85
258	277	253
236	150	81
189	279	276
310	205	503
244	333	204
290	628	340
321	184	216
336	334	328
270	87	217
61	15	32
36	74	13
442	134	342
266	348	99
191	304	332
335	336	85
181	162	182
287	249	48
282	373	204
337	249	264
162	206	170
225	211	52
135	239	332
238	287	57
233	414	219
424	310	252
165	336	26
307	180	284
197	160	242
207	112	189
323	200	333
433	178	303
101	105	158
295	320	468
36	53	21
333	284	499
10	24	58
109	153	62
16	339	204
182	98	145
223	257	278
220	75	56
108	80	156
239	331	325
242	382	302
247	155	155
239	71	340
286	153	427
235	242	205
211	256	371
342	272	360
143	173	307
311	146	451
227	267	473
88	10	188
379	335	223
155	16	39
183	142	70
113	74	54
236	258	429
24	176	299
35	190	293
89	137	94