124	78	245	107
203	159	41	183
99	135	205	62
246	247	72	118
210	160	206	87
236	85	52	167
64	87	245	168
25	39	146	139
171	171	195	206
50	111	212	92
216	107	13	204
218	145	43	21
206	206	235	154
108	37	10	59
17	234	17	141
238	132	98	92
189	24	25	18
136	219	248	229
50	126	146	200
123	54	113	88
247	98	82	37
38	228	114	107
104	204	88	84
38	235	59	104
204	135	245	250
84	23	116	227
223	111	206	39
94	34	164	81
31	29	97	180
158	237	28	194
85	105	201	70
95	96	15	166
108	158	209	133
231	163	56	207
15	23	186	249
186	137	98	229
77	160	179	236
215	239	181	71
193	139	204	84
200	226	127	51
139	46	110	212
136	32	177	200
38	84	232	17
53	177	244	139
71	153	34	166
18	162	240	157
45	242	107	29
242	132	149	227
66	222	238	210
131	57	146	212
218	91	31	135
72	14	47	114
82	204	32	17
200	142	158	198
58	166	30	183
16	174	242	167
239	194	120	170
227	107	233	153
248	14	203	248
101	159	83	246
75	217	136	89
151	133	132	214
135	130	32	78
28	85	169	114
166	213	145	120
122	141	159	84
192	107	107	61
141	35	11	74
105	60	49	30
215	133	197	216
115	234	188	105
245	212	225	123
53	179	161	148
73	20	66	15
154	97	89	74
24	35	236	242
55	174	35	74
176	221	173	232
212	146	60	104
19	76	43	156
131	159	195	101
195	137	239	54
86	95	162	232
149	157	240	80
233	111	179	168
238	231	190	134
81	74	242	99
156	143	220	38
45	206	185	44
208	244	112	198
72	137	204	68
185	99	17	210
60	110	220	222
112	141	19	110
87	32	241	74
92	96	10	219
136	170	179	173
22	90	154	134
205	212	90	139
209	142	209	142
54	154	15	108
49	189	15	215
130	124	110	102
123	241	50	165
115	207	79	207
100	77	52	77
165	246	108	192
139	37	157	233
241	172	205	241
24	73	74	183
121	214	112	166
30	22	117	34
183	210	59	123
119	237	168	187
152	116	104	72
201	190	60	96
126	30	121	178
112	20	35	129
116	131	177	90
234	240	55	144
11	131	47	130
80	33	240	198
102	223	229	76
79	121	226	56
28	50	206	138
180	180	47	47
153	207	185	211
85	83	236	133
176	15	197	188
114	105	217	147
33	195	49	184
196	60	204	148
94	175	169	193
22	194	241	119
37	224	132	178
236	127	197	142
155	158	153	38
141	181	220	166
154	52	193	75
191	147	167	148
157	27	223	108
165	144	86	250
211	194	176	146
162	49	148	21
37	37	122	122
14	83	42	104
118	45	194	187
247	128	249	33
102	247	223	35
72	231	58	117
163	124	208	196
131	56	104	82
149	177	122	71
140	88	200	80
80	117	239	172
213	80	117	122
138	58	162	201
109	209	109	209
183	80	108	191
237	158	40	131
191	207	213	93
223	194	21	235
222	131	133	146
246	62	75	48
193	10	225	10
23	90	180	99
19	149	168	117
95	89	124	116
46	11	168	216
139	234	171	17
212	65	52	173
74	15	14	88
135	201	167	175
79	160	218	111
57	161	47	109
104	210	91	186
190	76	142	53
64	52	60	80
25	122	202	87
71	22	74	222
196	105	74	217
14	209	18	218
183	92	194	110
206	244	40	158
28	123	242	199
21	97	100	78
111	90	43	206
85	139	85	139
123	148	170	125
188	156	244	45
100	196	93	216
149	50	145	35
92	157	237	109
219	92	85	56
227	202	206	34
209	207	102	232
39	68	221	167
202	228	92	213
157	214	14	63
16	219	18	69
70	30	19	195
207	226	12	172
111	116	104	210
236	20	36	136
231	12	38	71
93	212	106	63
190	41	21	201
214	147	55	124
51	43	213	56
110	201	220	26
99	122	10	111
133	15	107	93
235	63	235	63
182	168	199	164
237	205	23	236
237	240	123	190
113	108	181	201
39	130	77	39
103	28	203	250
157	101	193	140
227	15	163	240
108	69	95	157
26	147	222	163
13	49	75	10
132	195	131	247
60	207	76	194
48	91	47	65
237	214	156	195
26	74	101	214
230	189	191	128
101	29	45	157
67	17	223	92
48	78	129	19
32	82	214	154
48	19	194	240
93	107	94	57
64	29	174	208
105	16	89	198
217	178	227	175
190	35	208	92
17	84	23	205
224	212	171	122
14	180	214	242
186	246	179	194
221	244	47	206
60	218	73	39
53	131	225	202
78	158	159	135
131	143	169	60
31	217	150	227
190	243	111	196
172	172	172	172
166	109	123	110
236	205	44	227
160	33	40	201
209	80	157	123
146	19	138	147
189	154	61	69
31	201	194	47
84	178	246	68
29	143	100	39
86	208	143	158
159	19	105	75
193	107	247	215
185	41	132	218
171	233	48	40
112	141	126	22
75	124	185	201
232	215	132	131
21	177	76	48
12	153	92	146
219	219	187	98
14	79	181	242
16	204	15	235
238	140	19	108
236	64	87	181
237	195	43	91
154	51	39	123
174	242	111	243
175	59	171	47
140	185	19	138
232	25	146	76
102	206	71	114
45	45	39	39
205	102	128	197
224	157	143	88
93	64	165	86
226	163	21	150
224	91	48	57
94	157	102	18
19	134	160	194
104	51	106	194
186	176	20	63
153	32	22	22
31	47	102	24
69	40	57	169
184	38	27	249
143	126	24	241
101	179	101	179
75	210	89	53
181	80	108	145
18	124	12	84
105	124	183	12
63	86	137	115
245	182	15	96
36	53	225	150
114	110	64	220
43	77	206	28
75	169	210	102
23	113	50	217
138	230	183	24
247	227	128	85
194	192	50	246
154	117	68	230
62	162	100	99
198	176	122	222
37	213	199	11
40	170	64	223
12	221	201	72
134	196	159	100
51	142	87	62
66	193	19	86
210	66	227	109
50	52	131	73
109	127	208	219
218	82	137	245
61	102	54	65
83	167	142	141
247	52	196	53
69	134	45	217
92	13	59	190
193	209	22	89
81	160	167	111
199	76	188	191
244	72	34	44
224	62	179	226
25	32	125	199
93	102	245	106
209	206	107	182
105	179	194	93
45	99	244	48
48	30	156	142
39	78	26	35
236	177	23	237
112	173	149	106
126	197	62	210
14	66	63	81
207	74	60	139
128	174	150	136
29	189	64	48
201	86	65	33
123	89	216	137
100	131	96	127
46	104	64	210
233	173	100	132
56	202	104	112
191	172	139	209
132	190	26	118
153	125	63	100
229	105	43	52
166	192	91	169
63	57	36	31
148	188	82	99
48	240	171	206
134	190	23	116
91	194	81	208
38	103	152	86
205	150	115	177
157	214	37	240
169	10	166	229
86	200	69	110
20	235	240	207
236	186	61	96
66	62	86	123
91	241	199	19
75	155	47	85
149	78	184	119
95	220	127	142
84	157	158	194
79	170	140	189
72	33	90	248
21	16	133	141
119	232	50	82
230	66	148	210
90	48	55	95
84	95	240	163
45	98	240	209
193	90	74	178
121	10	156	206
25	78	111	159
29	238	185	150
121	69	66	202
210	93	231	117
29	58	145	71
139	171	156	73
225	203	201	44
165	238	163	50
223	153	111	231
216	67	130	178
185	73	159	86
193	219	10	58
135	117	88	126
95	164	162	121
124	108	75	160
130	181	241	142
11	13	96	174
18	72	92	154
217	185	154	105
105	93	58	17
175	70	228	119
129	221	161	67
136	51	58	50
47	113	166	28
103	115	58	178
130	208	36	221
178	47	76	211
218	210	248	85
231	98	12	162
173	140	148	144
134	32	155	144
168	238	209	203
176	121	206	171
90	172	240	145
22	224	111	63
52	161	100	14
221	219	85	223
236	237	111	123
222	21	62	35
143	134	79	177
49	203	44	83
159	44	196	76
194	172	18	234
146	48	165	80
172	66	146	84
61	159	125	134
183	198	200	197
61	207	239	82
21	81	223	84
78	19	11	193
159	57	41	213
226	180	173	245
16	238	35	83
73	241	233	134
213	244	111	28
173	206	197	27
142	27	11	204
115	167	14	98
177	235	23	75
202	179	126	234
17	131	186	69
153	210	137	75
10	172	32	189
167	248	98	93
142	124	199	151
199	247	31	134
102	212	236	218
158	39	106	12
205	118	55	71
159	151	13	113
183	130	217	57
49	158	222	206
20	100	139	105
245	211	126	162
223	203	46	43
51	134	238	116
20	50	177	139
187	96	43	184
203	175	239	14
190	175	146	206
238	184	93	217
127	179	203	230
131	248	39	219
97	240	25	29
72	11	16	57
54	194	40	39
150	69	220	186
186	189	231	88
232	81	159	13
152	161	172	81
44	63	49	30
77	12	217	134
133	138	73	77
213	231	139	108
75	127	185	29
161	215	91	187
37	161	110	89
41	122	93	169
175	99	21	172
205	144	119	171
69	213	73	76
247	164	179	121
97	205	172	116
46	92	186	207
79	154	92	108
14	189	179	74
124	226	249	226
160	136	132	122
165	106	55	119
213	232	115	214
136	146	186	34
149	77	199	27
182	47	19	15
113	226	181	95
18	235	33	199
208	128	35	136
126	133	33	102
41	237	217	172
38	177	164	26
10	70	77	118
172	119	31	177
248	193	137	80
199	236	111	183
88	134	203	203
20	107	69	241
234	46	185	202
144	193	88	151
10	152	178	50
84	84	99	136
246	239	200	88
153	123	30	167
107	186	148	100
206	164	166	158
53	166	230	222
196	228	60	193
238	227	244	141
227	16	112	81
225	87	22	53
223	131	123	74
138	170	203	41
236	176	90	186
62	194	127	216
225	59	15	191
220	177	195	45
83	235	32	172
96	224	189	221
55	212	191	79
84	43	112	87
120	53	230	187
61	233	230	95
51	182	48	242
224	91	82	120
103	194	130	83
97	66	24	244
46	69	161	83
128	218	88	106
189	82	149	241
247	37	190	246
12	114	231	204
145	127	238	72
48	121	38	185
202	78	35	164
46	24	149	20
194	137	249	235
123	100	220	212
156	54	131	177
128	150	83	212
249	160	189	65
127	180	198	39
175	91	55	105
115	182	65	187
130	196	95	204
243	136	86	245
126	122	243	80
53	176	191	75
250	43	98	13
85	218	201	69
146	22	124	12
83	94	219	118
92	46	170	226
72	215	36	239
41	27	218	182
82	30	193	90
70	64	89	197
41	102	14	136
197	122	226	97
93	114	11	50
88	61	218	164
39	213	48	24
196	128	77	46
229	99	118	177
137	129	216	245
53	107	47	26
69	25	132	156
96	55	74	109
247	157	133	170
112	200	215	75
218	150	69	129
40	228	156	213
114	12	74	10
55	32	167	11
17	124	83	199
202	230	132	239
139	24	112	241
188	228	37	53
59	189	168	222
232	39	230	23
72	40	238	157
115	56	13	150
208	19	160	90
226	71	53	21
92	179	225	105
41	103	107	14
124	103	131	79
51	99	212	102
149	189	66	187
53	161	200	152
246	123	132	176
84	246	174	40
201	13	139	227
106	181	57	227
186	111	206	81
18	60	151	158
84	59	137	178
52	198	157	239
128	138	180	105
156	205	28	133
188	165	62	45
210	24	39	22
127	111	227	159
245	13	149	20
239	16	75	120
228	61	73	89
63	206	110	152
148	17	161	233
75	135	81	76
94	124	33	226
28	165	203	83
240	242	141	104
17	68	162	128
21	216	13	18
234	207	103	241
100	160	117	154
75	224	151	215
120	94	177	235
123	162	213	25
182	104	82	165
170	214	179	227
104	215	188	59
150	57	183	232
86	170	28	36
11	171	75	184
74	79	156	218
153	223	219	18
41	16	147	172
139	203	62	17
201	146	57	125
191	250	134	246
38	152	98	222
180	190	78	245
236	158	167	88
122	120	237	118
179	223	86	173
19	128	28	65
139	31	176	51
219	77	237	62
209	231	179	30
200	181	155	194
29	47	12	244
112	186	203	16
75	228	80	132
241	102	86	138
27	184	169	68
12	10	162	41
216	175	189	49
241	184	82	30
39	122	27	173
51	116	239	243
69	20	15	125
23	62	58	147
244	112	176	178
180	221	120	90
122	249	31	29
125	114	211	44
194	38	75	61
80	175	183	155
101	203	211	89
162	130	155	167
19	183	69	106
106	155	202	105
88	94	18	118
66	34	45	47
30	190	230	100
247	47	90	25
198	146	108	105
201	99	70	160
125	181	13	40
201	69	248	59
240	186	194	137
114	207	126	175
160	105	222	202
238	33	238	16
225	170	167	185
112	167	205	43
186	60	225	178
105	13	217	198
148	82	53	224
204	145	84	126
176	218	84	184
51	142	207	220
42	122	212	165
85	167	104	170
12	190	223	85
69	225	49	236
90	152	22	238
76	86	60	96
113	10	207	33
175	210	179	68
145	108	242	197
146	49	44	70
139	15	137	115
218	250	185	16
83	94	81	90
134	39	193	58
165	68	218	177
44	219	161	126
158	211	69	216
215	125	225	169
77	162	80	146
86	115	201	33
32	163	212	25
29	190	225	176
17	22	30	167
173	82	99	70
77	181	34	43
109	195	118	221
230	91	231	234
181	234	64	178
121	234	83	200
145	237	226	172
117	158	25	43
32	30	25	15
120	80	172	11
173	242	105	79
198	167	12	59
105	209	176	71
20	217	97	91
52	90	33	104
151	177	189	84
135	54	92	148
67	142	169	28
181	181	176	76
247	179	132	175
143	163	231	129
41	22	93	156
133	150	89	154
131	114	246	20
98	122	17	175
47	181	127	43
216	196	88	21
106	104	24	122
52	71	234	65
25	190	33	199
112	242	182	15
244	107	83	216
95	101	100	153
30	245	116	240
208	113	182	115
219	194	235	239
48	186	62	38
62	26	72	30
162	25	229	53
138	57	108	179
39	190	141	238
57	140	84	61
19	196	24	140
40	77	162	211
49	41	229	146
162	160	205	52
72	82	157	112
165	109	133	65
209	189	21	213
146	188	225	26
233	237	31	104
107	164	233	109
10	70	14	143
53	150	96	182
176	152	194	218
240	121	32	232
173	88	62	156
211	209	128	14
115	247	220	83
130	20	200	222
124	49	56	247
88	222	159	41
153	141	195	36
45	61	43	152
94	111	109	106
216	233	114	53
149	27	226	114
121	227	202	97
124	13	132	53
25	143	112	153
55	72	76	175
185	196	246	119
87	243	28	191
185	105	230	88
166	97	184	10
230	168	44	53
76	11	182	116
131	178	215	199
48	84	201	112
177	123	174	39
135	20	211	231
21	124	127	67
246	35	231	127
98	141	236	126
210	12	53	54
34	192	115	204
137	71	159	140
222	126	247	164
223	31	77	37
239	131	204	242
53	249	160	179
19	85	192	178
115	150	98	197
204	123	17	200
78	203	43	75
229	194	98	169
37	25	53	55
179	103	203	197
231	24	168	125
105	230	123	147
60	67	250	70
172	120	250	210
212	145	119	214
139	81	173	99
77	237	122	107
109	44	231	132
130	173	76	105
216	154	83	90
122	176	223	162
94	200	208	131
182	183	61	55
172	229	177	101
191	148	167	67
226	249	243	106
180	239	115	18
141	19	50	136
132	250	176	88
94	243	185	125
109	37	126	13
72	242	232	33
15	17	55	172
21	165	194	212
164	207	168	234
93	65	167	18
204	149	50	49
109	132	106	47
247	69	212	69
71	165	149	13
242	162	218	145
38	175	218	126
139	61	103	249
95	170	220	164
186	116	161	238
163	27	12	170
61	38	94	127
83	236	96	212
40	153	146	86
214	135	146	96
191	197	250	185
49	57	203	137
152	186	28	126
120	224	239	39
110	82	231	45
168	153	206	148
181	76	229	54
216	35	72	96
24	160	181	56
53	43	11	82
219	135	99	132
233	93	75	150
126	214	39	74
144	77	75	12
223	242	63	237
46	163	48	226
249	230	209	20
19	110	90	209
57	184	43	163
198	85	238	181
85	222	162	14
80	170	77	239
158	242	211	14
217	139	90	127
69	185	152	27
140	69	229	110
110	66	156	32
102	59	33	120
83	197	220	121
152	244	158	85
177	165	160	53
28	149	229	209
167	94	56	143
246	105	126	220
202	76	155	176
193	190	42	90
207	145	89	56
162	100	201	160
203	219	244	173
19	194	152	206
198	67	138	12
240	169	113	36
57	82	182	111
125	97	76	158
12	160	68	213
218	180	174	105
206	164	173	125
218	63	112	214
165	205	157	234
190	62	247	197
72	81	54	66
230	113	71	141
75	172	48	183
125	171	42	207
70	115	179	44
250	149	240	89
103	69	150	163
43	138	80	211
198	126	97	175
123	189	65	172
97	244	138	113
33	242	80	111
13	33	226	22
17	212	193	61
96	12	122	178
83	51	80	240
108	65	226	112
40	155	44	25
40	106	140	89
39	159	104	217
23	23	89	157
151	160	103	211
85	117	198	228
36	175	225	214
175	176	210	161
195	198	164	159
179	95	85	116
129	128	127	59
170	90	83	63
27	53	23	49
149	130	169	136
170	65	99	127
78	128	62	133
101	232	211	141
228	83	180	163
62	111	206	91
29	248	114	217
11	163	78	164
138	205	186	46
78	187	233	143
200	10	50	89
179	229	225	52
112	103	206	119
214	140	25	217
51	94	84	87
18	102	195	210
106	183	40	122
150	243	144	68
68	54	90	71
237	111	32	102
136	117	19	181
47	246	62	209
52	106	51	64
52	158	110	198
138	148	60	225
135	137	95	118
43	93	239	99
131	114	241	26
226	51	176	12
224	87	30	131
123	224	120	19
18	144	218	195
70	91	198	91
212	152	157	203
242	16	33	114
66	116	189	46
43	248	85	154
225	187	243	61
153	165	104	38
19	180	102	80
175	92	231	103
64	33	179	222
97	216	96	16
42	207	55	163
172	34	45	192
177	169	42	186
173	201	195	52
165	220	225	129
170	26	58	55
145	104	136	193
137	97	142	163
168	216	96	162
148	102	232	189
22	215	138	136
199	229	59	55
40	174	229	157
120	130	52	121
96	205	106	147
71	133	85	60
227	131	138	102
13	216	183	238
104	104	174	71
137	68	97	176
220	240	210	117
241	117	142	164
126	86	147	58
98	143	19	62
149	20	38	221
83	221	35	172
64	42	94	215
108	243	45	83
233	61	130	230
57	76	210	115
198	38	162	76
106	92	138	55
31	132	247	178
103	194	79	64
188	167	136	221
28	148	223	34
158	25	152	21
112	45	138	60
48	244	105	52
63	88	138	141
18	91	106	13
64	59	214	116
62	26	145	10
135	190	126	46
145	149	22	158
153	182	80	28
32	77	96	49
24	154	113	139
155	15	183	105
246	242	129	123
35	82	119	237
70	38	116	81
68	123	97	158
249	33	185	177
155	236	173	20
39	82	133	119
239	38	246	157
181	125	57	124
61	213	223	156
22	28	103	226
46	173	138	80
53	23	42	101
157	124	88	149
172	235	237	162
74	122	144	159
240	123	130	89
222	86	131	188
207	90	189	68
132	160	201	182
143	102	61	61
112	223	107	196
64	172	153	68
169	113	233	194
210	114	97	88
249	29	72	26
229	161	84	75
51	125	102	76
224	172	138	82
91	232	195	169
155	82	152	167
225	241	220	226
117	228	106	177
189	162	111	101
131	145	68	187
113	27	129	226
237	177	128	206
237	230	152	80
80	52	10	28
67	63	13	108
80	95	57	88
137	165	246	208
37	147	179	112
171	247	154	155
51	69	148	197
207	207	201	46
34	182	34	126
42	241	109	164
219	54	34	89
44	17	97	90
243	212	72	199
225	95	17	67
234	60	73	76
232	203	171	27
29	12	212	28
172	241	61	215
15	64	122	200
93	214	211	245
225	34	241	250
190	241	125	84
240	238	20	55
30	236	11	162
38	102	236	34
29	60	183	53
129	19	202	87
102	140	132	83
76	83	14	119
218	170	156	93
75	177	12	181
120	119	185	32
196	152	13	45
170	126	133	169
247	249	225	249
58	156	185	131
65	171	248	151
152	62	184	36
180	175	216	239
208	247	74	236
208	243	208	149
241	39	212	221
72	178	172	52
76	114	37	192
150	185	44	71
148	172	79	73
113	41	151	189
103	14	246	40
41	51	52	55
50	134	34	76
30	246	103	52
207	142	99	226
33	214	84	15
182	14	55	11
224	206	84	151
95	35	92	227
158	52	223	159
85	71	200	209
72	241	161	39
241	25	178	53
216	250	13	108
58	112	23	65
128	234	126	234
10	84	148	176
105	187	134	237
115	160	31	250
243	189	105	167
93	22	21	39
221	217	107	151
199	166	87	234
169	145	131	85
33	28	68	55
203	131	16	158
148	210	115	110
105	249	247	125
177	21	223	180
179	183	212	108
246	217	162	156
37	141	70	109
136	67	83	180
208	197	164	219
210	88	239	74
129	189	15	111
144	192	93	98
77	43	112	207
115	85	154	42
206	25	220	63
161	211	106	105
102	90	70	95
96	230	172	60
10	63	205	225
71	139	15	161
99	103	221	247
79	18	247	20
29	223	62	50
139	209	234	23
19	188	89	241
163	103	25	203
164	242	14	40
212	21	154	16
234	40	240	57
140	42	186	158
61	45	188	64
104	13	68	206
19	247	17	55
147	146	199	24
235	141	74	226
189	17	246	102
236	203	90	81
24	68	196	15
88	112	187	138
67	94	50	63
156	80	144	126
35	109	100	210
42	122	33	35
175	53	102	102
119	109	71	35
191	10	174	26
157	228	90	247
115	174	142	118
242	112	28	236
192	201	218	14
197	130	158	225
186	92	37	42
19	77	140	235
48	58	227	236
55	104	164	34
107	33	168	139
113	95	56	57
35	150	22	120
176	242	125	172
249	213	228	51
121	38	76	144
184	157	81	45
82	20	197	74
10	125	189	178
247	213	72	161
67	163	111	23
76	174	192	76
147	172	138	191
111	139	83	210
222	162	81	50
242	35	101	220
170	197	228	164
130	110	137	53
115	80	116	113
199	230	21	216
233	177	95	82
104	79	179	32
81	58	131	35
194	209	249	15
106	116	65	208
21	197	113	19
189	222	60	124
46	164	45	207
209	229	51	225
170	95	189	25
35	176	165	183
212	137	137	72
35	15	160	153
16	51	143	206
165	146	178	74
187	177	86	31
240	73	114	36
207	159	26	219
36	216	82	241
100	235	250	67
237	151	233	65
143	172	214	151
178	199	192	20
141	193	225	101
103	217	95	172
225	138	44	67
215	35	185	104
32	53	230	41
214	158	18	69
135	238	192	235
243	100	56	188
33	166	107	146
142	116	240	235
185	159	177	18
39	62	152	58
32	96	141	136
210	225	145	86
223	173	184	193
58	167	52	41
192	27	237	177
101	48	217	61
192	199	38	247
73	61	12	122
123	111	24	41
20	47	56	117
200	73	21	58
147	74	115	199
124	131	175	218
218	228	128	98
193	10	248	114
90	240	99	148
104	203	72	209
168	246	95	123
172	149	80	46
230	24	56	123
229	140	241	143
245	170	141	173
156	172	224	107
82	198	182	204
47	200	10	108
202	247	247	114
135	16	201	98
74	110	32	214
97	96	38	103
80	68	27	12
226	130	105	211
238	49	184	198
52	156	17	26
89	150	179	132
11	21	142	156
209	87	241	26
124	172	181	56
241	42	115	144
230	238	61	234
11	244	150	116
38	220	177	11
174	139	109	103
109	164	152	227
149	168	118	119
233	206	102	231
26	41	195	244
32	150	163	143
88	203	145	65
157	210	187	28
180	60	179	160
129	203	191	154
214	190	35	193
236	80	78	28
159	45	206	184
35	133	56	105
202	90	184	222
142	48	224	81
247	30	149	76
84	106	80	228
93	236	248	29
28	212	97	139
172	54	93	228
142	18	141	165
143	37	113	61
76	23	43	19
153	242	243	23
14	238	184	233
144	119	59	48
182	32	151	183
165	193	228	157
193	55	28	235
241	117	26	226
61	129	72	224
220	179	130	212
193	239	175	215
189	23	250	141
221	178	93	241
166	218	180	177
123	169	100	126
101	32	199	97
108	232	107	78
144	66	241	106
70	13	69	187
77	23	111	156
184	164	63	194
245	178	104	152
119	47	62	114
76	234	174	182
248	236	176	173
229	209	221	104
25	41	52	207
145	200	115	219
32	15	181	192
147	167	10	162
47	11	130	243
101	15	206	36
147	15	51	146
101	44	38	188
123	138	214	164
224	114	110	91
206	248	50	113
101	79	222	29
118	117	152	39
46	201	201	249
193	34	187	20
73	27	235	27
46	12	194	116
80	172	91	131
182	203	151	192
238	203	203	189
112	225	98	97
10	194	86	89
232	166	199	146
62	22	94	134
96	211	175	240
92	175	126	202
142	93	109	238
153	57	148	134
140	67	30	244
45	39	193	232
103	86	13	79
209	216	44	11
152	31	179	134
67	41	210	72
193	54	191	152
78	102	198	24
189	55	95	33
129	206	163	140
226	10	97	143
78	182	95	104
23	234	172	157
244	192	68	58
154	144	30	10
236	198	115	14
35	208	202	46
84	201	109	206
184	41	183	34
173	130	35	16
29	25	161	20
219	99	193	156
247	154	194	93
74	84	222	175
171	240	24	230
127	219	184	127
229	127	130	243
89	217	167	212
94	124	62	89
76	95	193	27
183	246	90	32
108	190	71	50
54	238	72	197
141	11	165	179
111	238	14	87
63	159	31	104
200	216	208	188
126	227	131	163
104	236	34	68
93	228	100	202
163	232	168	139
193	160	14	15
26	30	187	108
27	151	112	85
214	201	37	189
75	128	62	98
185	44	196	164
152	131	139	68
27	14	71	90
227	136	179	233
112	90	64	102
53	42	81	176
183	126	106	175
141	107	120	165
187	153	211	31
124	152	38	154
202	81	31	207
56	130	44	146
15	212	143	184
156	184	129	110
65	74	155	21
214	156	227	168
168	15	78	148
156	229	189	83
179	161	247	101
47	62	110	46
17	114	68	159
67	229	143	190
34	114	56	200
241	87	30	98
78	55	89	181
122	195	155	205
125	237	50	249
31	13	202	109
242	200	123	248
167	220	153	168
75	11	65	120
41	189	86	126
107	14	23	46
172	123	173	242
30	168	236	117
85	235	113	82
35	45	45	189
218	180	61	220
132	168	21	53
89	74	127	15
221	54	190	43
62	144	60	169
19	78	230	94
57	175	51	100
172	104	183	88
178	134	126	17
234	91	226	96
208	122	36	87
240	169	153	20
12	151	19	183
144	50	248	149
51	148	183	87
202	141	154	28
185	129	134	248
153	162	117	11
141	127	186	21
98	60	22	54
63	36	118	124
163	140	137	64
116	243	143	195
248	215	166	214
107	199	233	92
76	147	223	155
22	202	86	34
97	223	172	126
97	92	12	242
135	190	225	170
97	27	21	103
232	23	106	146
87	57	81	225
227	218	65	61
214	212	115	112
78	240	215	89
169	232	129	177
11	237	202	219
77	149	99	37
66	20	200	37
234	13	40	129
231	37	13	29
159	238	10	60
218	36	138	196
100	23	174	226
152	197	122	238
71	59	42	195
230	204	226	202
109	71	128	110
100	66	122	234
246	235	22	116
93	163	229	30
107	199	120	183
162	235	250	249
220	10	119	198
72	53	67	75
199	150	184	192
52	16	127	99
131	116	63	113
74	11	180	113
169	44	130	143
71	134	193	157
248	26	93	32
118	173	120	130
102	154	241	87
57	110	122	73
94	124	244	145
200	151	13	231
42	245	122	64
230	10	15	249
85	202	154	249
64	11	237	10
113	83	124	146
10	89	38	178
10	17	195	111
148	190	121	153
141	54	235	127
77	13	105	27
12	129	95	60
105	151	36	212
20	127	158	215
54	13	184	28
226	220	226	220
174	174	74	74
244	89	206	180
217	84	91	65
50	32	16	239
192	220	242	180
207	82	51	229
202	216	202	216
45	21	59	25
181	139	13	116
178	56	50	214
197	35	80	173
158	193	182	55
235	108	110	151
25	158	238	24
192	82	201	115
65	83	133	26
222	168	228	200
144	130	20	147
139	227	71	17
25	193	191	153
118	98	189	224
217	228	30	236
226	78	63	29
112	120	130	166
214	75	230	138
234	12	235	136
188	103	233	74
219	221	166	238
11	182	230	140
204	71	249	165
46	129	207	211
160	187	182	83
186	97	102	64
194	123	171	156
157	108	205	196
176	132	42	75
172	151	95	99
54	235	191	192
207	149	159	230
85	165	30	181
136	168	171	246
109	22	181	104
247	187	29	222
95	199	51	201
74	42	17	81
57	50	50	57
183	223	173	217
82	101	186	32
234	176	19	89
65	238	123	131
90	197	42	154
107	110	153	195
119	17	104	96
69	208	171	151
32	94	94	32
112	75	24	33
186	250	120	229
20	62	134	249
84	27	56	38
224	181	81	222
192	153	153	192
201	142	244	46
65	207	135	244
228	197	191	208
56	137	144	135
192	57	15	177
55	249	40	103
34	125	44	209
25	47	22	29
87	70	152	159
118	128	50	163
202	164	202	164
102	60	34	122
209	54	100	141
86	27	93	23
147	104	24	184
183	88	210	228
112	182	182	112
189	130	150	161
200	125	44	183
45	87	236	147
207	78	249	79
214	225	206	199
134	169	118	121
51	223	15	148
34	225	163	48
113	167	39	129
97	174	112	216
124	22	247	196
225	214	214	225
162	116	34	162
187	109	112	208
159	20	86	133
200	249	78	168
205	116	132	213
136	150	130	235
167	141	87	84
48	145	232	96
73	190	95	168
240	82	231	95
239	74	93	35
118	179	25	61
61	136	146	161
113	22	237	53
178	24	109	173
165	100	57	46
88	211	200	215
128	190	197	155
235	45	132	154
102	87	193	182
62	79	88	91
200	147	168	137
182	102	110	187
110	32	77	81
76	30	48	38
217	95	219	96
18	75	201	69
122	127	127	122
10	111	161	130
188	84	24	32
209	83	228	185
68	182	117	21
107	124	69	13
75	59	60	109
212	100	34	184
68	214	195	179
231	126	122	156
46	37	164	13
63	246	61	169
192	223	149	142
40	124	182	244
171	150	15	176
111	146	134	161
40	198	65	168
226	17	79	225
79	227	191	217
63	79	245	67
124	248	80	236
107	197	230	23
88	156	165	88
209	134	224	236
136	219	69	202
105	25	152	87
189	93	212	202
55	179	29	13
122	117	164	164
33	226	36	225
59	99	225	172
21	182	211	119
41	28	247	131
111	146	113	139
172	224	192	54
114	128	46	16
50	219	34	44
125	116	34	187
189	99	168	106
74	210	146	104
221	229	75	44
68	220	179	15
65	240	79	52
170	64	239	118
100	125	85	19
250	46	62	35
159	133	206	139
123	143	226	101
245	137	30	237
190	62	24	140
189	165	221	180
228	146	130	50
92	246	209	178
165	69	221	119
54	194	67	130
149	55	108	223
203	38	61	80
146	173	108	113
194	194	46	46
245	17	198	235
227	98	182	112
11	26	64	23
208	169	171	157
165	32	125	84
183	134	33	111
137	38	107	201
193	78	117	219
191	39	72	158
94	132	86	170
97	159	174	99
200	45	211	27
228	28	43	119
211	30	52	111
102	102	102	102
40	189	139	20
201	235	59	117
100	247	230	187
79	12	146	66
131	203	141	109
127	243	152	223
66	241	46	211
189	230	192	109
215	206	41	71
33	230	21	245
172	176	157	234
120	121	232	27
217	206	174	124
134	36	248	108
236	228	35	220
220	23	202	26
25	76	26	69
96	131	32	63
103	103	108	108
179	55	206	237
220	234	177	52
242	129	62	205
67	243	105	227
200	185	76	163
215	64	87	237
13	95	165	144
22	33	163	120
34	178	140	119
49	11	233	245
169	203	81	229
86	229	83	241
144	203	190	129
76	100	81	77
134	245	86	191
136	17	32	115
39	71	115	249
176	163	151	94
39	237	178	245
116	190	99	49
77	123	189	31
174	208	176	159
168	182	241	177
42	204	24	127
223	163	65	145
62	110	17	223
233	42	132	213
35	142	233	97
63	40	249	204
148	91	78	13
104	88	28	161
73	157	14	173
32	218	93	35
235	104	36	86
214	189	146	211
216	62	129	216
191	47	147	74
95	97	151	94
134	144	121	110
49	172	16	87
247	147	73	189
155	240	107	211
96	247	63	192
50	63	111	198
23	12	135	26
221	170	249	229
130	170	208	95
76	163	110	11
13	230	83	232
232	211	171	204
197	119	108	242
89	112	248	112
223	179	59	213
122	113	37	160
169	91	68	209
226	195	147	25
73	204	227	159
134	20	198	20
100	101	100	101
70	99	58	229
173	58	242	94
39	101	18	20
95	13	196	89
173	109	72	243
245	64	114	237
193	103	168	221
226	216	243	235
47	231	212	65
61	61	78	78
207	47	32	146
60	100	48	59
129	156	117	75
78	90	22	19
43	66	22	74
19	38	65	227
67	64	19	26
225	118	31	93
37	53	18	119
248	69	105	90
72	23	70	31
94	199	25	182
96	186	14	39
203	39	171	41
43	155	185	178
105	131	113	197
18	25	244	231
113	113	28	28
132	166	88	52
68	119	120	178
102	241	148	80
11	103	195	210
157	84	172	32
240	59	45	132
140	154	219	239
127	211	26	163
182	135	197	188
160	101	41	137
153	67	195	141
211	246	201	197
243	126	205	173
204	152	31	93
51	231	99	162
124	54	87	164
64	96	96	64
176	203	184	108
74	147	101	27
103	121	175	86
76	207	189	239
165	147	222	94
227	111	56	48
131	40	62	175
218	194	134	56
143	166	10	139
219	15	30	69
41	73	57	242
138	57	85	238
15	19	184	161
148	249	22	229
149	103	157	123
21	208	67	69
20	104	10	61
204	24	64	250
35	195	55	142
145	21	132	189
12	155	186	210
143	59	86	208
102	97	41	212
98	195	195	98
86	241	183	46
115	148	143	75
14	75	83	153
238	50	57	245
30	240	116	13
41	212	37	68
94	159	188	50
135	25	158	122
219	144	212	171
110	222	49	143
119	50	52	202
105	32	206	128
127	230	85	247
246	125	114	248
32	86	150	210
59	16	49	91
193	29	184	79
181	95	31	207
63	196	54	117
235	85	164	191
128	115	129	137
121	121	167	167
205	70	118	185
12	143	169	110
219	145	62	143
199	181	107	224
40	20	87	176
124	157	95	85
71	85	170	157
210	128	72	209
101	38	30	116
71	238	36	69
94	237	227	118
56	95	236	27
84	19	241	194
30	33	160	61
51	71	101	25
133	170	221	78
192	191	213	44
190	125	84	50
180	96	180	96
175	68	73	246
200	101	78	84
120	46	160	245
61	114	160	206
87	99	223	101
248	169	235	180
57	223	107	64
106	173	146	124
230	33	103	24
154	121	121	154
85	248	34	240
13	184	197	127
110	124	11	202
10	242	85	97
144	117	228	155
217	90	74	83
62	195	247	48
68	79	192	123
136	78	18	158
191	113	198	214
45	55	118	221
199	179	132	114
45	134	205	16
169	80	46	190
96	13	210	29
64	233	13	80
23	126	11	148
93	174	89	79
76	248	73	149
52	79	129	239
225	19	35	92
80	167	184	109
240	17	69	82
116	119	173	205
198	191	221	34
146	154	96	46
202	241	186	44
108	157	93	93
131	201	24	198
25	156	23	59
111	140	21	246
69	244	54	44
112	23	60	159
145	97	51	153
30	126	154	196
235	206	223	136
69	28	31	230
137	162	15	239
121	52	58	200
241	39	135	214
59	188	117	157
73	164	160	93
241	168	33	168
62	227	58	159
61	199	149	215
197	107	194	142
64	162	31	216
235	171	20	181
73	102	106	55
50	19	167	42
151	240	91	48
218	147	133	217
53	20	158	240
231	83	88	53
199	201	133	155
173	196	145	30
120	226	191	161
221	71	203	115
98	96	65	132
148	176	220	10
121	189	104	115
139	157	85	171
41	230	178	234
84	186	105	53
105	23	123	63
98	58	200	136
57	118	87	18
245	71	40	240
18	99	203	132
195	213	158	58
66	38	77	65
140	203	73	181
17	28	68	78
69	68	197	180
134	59	168	208
18	218	219	46
126	69	246	197
62	226	250	143
127	202	216	107
159	96	38	240
243	32	201	13
89	156	11	30
76	55	175	84
51	183	230	134
196	198	14	209
164	118	99	71
238	96	78	96
206	36	209	158
135	23	120	232
242	86	228	232
246	66	13	173
149	51	230	183
108	156	103	110
147	96	244	77
71	110	103	204
186	101	198	145
231	136	198	98
101	33	214	15
47	23	158	213
236	132	16	22
223	152	67	159
145	89	77	187
51	238	46	218
58	18	197	97
170	37	217	241
58	170	219	98
76	157	201	10
200	105	112	186
34	215	129	214
76	23	106	135
117	43	111	173
237	32	167	191
18	229	109	134
32	113	193	37
100	34	55	197
112	72	11	98
157	157	184	184
16	17	195	68
32	18	146	164
37	224	222	142
230	92	99	123
47	153	31	142
38	175	129	198
101	234	45	156
200	220	200	220
212	72	92	208
170	164	164	123
142	83	189	144
101	83	115	45
30	233	50	144
43	149	123	233
63	53	31	59
107	39	232	217
247	158	249	207
50	50	21	21
88	170	150	218
27	115	139	113
56	31	26	192
168	186	77	60
199	63	41	196
62	113	98	169
20	248	16	153
61	120	228	28
158	102	20	202
32	52	211	181
168	214	29	204
181	33	139	98
135	181	22	120
181	167	173	48
194	177	185	158
222	176	225	79
157	248	95	16
113	155	24	169
206	72	173	43
17	147	37	14
39	39	205	205
165	177	55	235
189	122	246	45
60	149	141	69
78	93	230	131
38	201	186	92
163	132	15	181
20	175	113	77
131	212	21	128
176	176	92	128
241	220	234	131
211	83	193	93
154	207	71	132
131	52	170	174
179	214	148	224
229	113	16	28
186	36	98	186
165	23	42	226
167	141	218	65
56	85	160	219
52	209	136	34
66	88	167	246
149	38	70	54
78	79	101	207
141	89	51	129
207	61	74	130
106	238	47	78
214	131	127	27
217	84	112	75
146	52	229	111
150	167	65	83
248	137	64	104
180	230	43	122
179	211	226	129
221	240	22	230
151	238	144	104
129	245	241	161
121	163	163	241
158	142	88	93
146	201	49	26
223	179	154	210
167	116	131	87
45	226	55	141
235	187	135	47
146	238	22	114
19	146	140	147
124	12	74	245
77	18	42	69
173	38	35	206
68	13	135	249
91	204	103	129
231	32	191	162
140	144	70	243
160	214	19	80
24	174	13	28
242	206	97	213
161	142	108	170
80	132	68	55
128	244	11	175
122	121	207	33
171	114	150	109
21	194	58	73
246	156	229	185
152	197	143	195
14	136	75	22
79	97	141	82
94	72	126	213
111	45	63	216
176	103	47	106
119	13	233	172
130	134	35	57
27	165	215	112
204	215	134	149
206	182	146	130
79	135	246	68
70	68	228	77
19	200	71	177
75	25	113	33
27	79	24	240
32	236	180	48
226	177	207	55
124	152	206	68
113	158	225	233
25	132	158	88
249	21	162	157
168	131	55	138
73	139	222	145
124	116	108	213
217	58	160	196
155	158	36	90
127	25	248	200
71	15	62	150
207	117	150	71
189	115	114	247
149	113	30	186
191	137	114	16
245	205	87	191
248	122	33	112
211	228	14	207
209	230	96	88
195	216	74	58
228	42	223	155
239	169	162	64
153	63	106	207
115	214	29	84
186	158	123	81
129	234	142	71
30	153	235	33
196	138	103	33
139	205	22	244
141	40	73	107
133	180	245	198
228	230	44	70
41	193	118	44
84	39	104	69
107	123	209	190
28	160	55	52
74	19	34	176
18	118	216	73
46	12	114	43
230	230	180	180
128	40	102	27
22	242	82	50
181	19	13	21
167	197	56	239
129	174	36	122
20	83	176	89
102	219	11	218
146	109	83	71
227	212	129	172
117	219	145	221
13	32	186	205
32	68	16	243
88	65	211	199
186	215	172	88
212	94	26	33
188	108	41	173
142	120	200	68
76	66	152	56
146	45	122	172
124	63	217	200
66	90	45	194
232	63	89	39
13	124	13	41
239	164	34	34
115	12	104	127
146	51	143	48
39	15	160	111
24	145	175	100
104	169	126	240
235	167	202	149
32	63	27	156
25	247	78	81
211	74	88	142
93	30	233	231
26	126	243	212
216	60	195	45
121	62	40	156
161	244	145	84
131	73	44	55
57	72	32	147
64	250	132	94
121	229	87	242
200	117	243	152
240	161	187	155
22	140	150	168
44	151	188	72
31	246	246	10
65	239	157	54
40	175	96	25
142	248	30	13
137	65	88	157
149	240	98	224
102	17	63	142
83	152	169	107
43	84	208	70
90	169	138	148
152	175	77	228
126	214	234	85
148	244	81	153
160	10	89	163
195	179	67	116
229	152	245	28
115	193	23	33
168	212	13	220
23	145	34	144
102	22	107	77
191	224	60	227
186	182	182	186
149	153	168	229
153	88	242	217
131	147	214	211
42	200	69	40
76	19	214	152
38	228	237	17
48	21	216	214
103	220	176	207
74	47	108	203
236	135	56	71
143	117	213	169
57	209	144	125
102	226	175	165
98	241	87	183
126	247	127	124
204	244	40	85
107	153	223	36
103	66	117	246
217	49	93	47
15	131	211	31
130	83	137	97
228	60	105	195
34	107	16	206
189	115	240	102
44	32	37	155
113	23	156	227
209	159	216	13
132	77	76	243
160	44	100	221
76	107	107	76
145	219	188	154
128	190	207	122
41	225	219	142
111	54	146	93
43	50	84	10
147	200	201	142
189	64	177	238
166	137	239	69
18	27	179	237
21	111	37	108
102	236	127	112
102	209	100	65
163	222	211	136
123	181	123	14
21	120	174	52
45	120	238	223
189	178	67	146
166	120	18	106
96	137	113	120
238	26	17	78
78	200	55	135
112	19	194	24
77	15	168	179
143	250	171	178
230	44	56	26
127	163	236	20
116	226	43	17
160	137	118	42
154	193	66	242
32	163	47	89
111	83	195	119
176	198	181	20
157	212	112	222
72	87	94	153
197	64	63	146
69	166	217	55
110	46	17	77
96	23	230	54
152	15	197	177
131	116	32	159
191	236	61	101
206	49	79	221
80	141	90	179
29	199	176	135
95	154	118	146
213	201	156	228
110	238	74	112
166	212	89	12
237	130	94	228
197	34	68	207
106	183	96	85
165	228	59	125
189	78	127	131
70	117	31	137
29	11	111	120
53	215	123	230
199	151	230	198
68	236	191	80
129	102	218	165
43	40	35	104
102	69	117	215
188	221	41	85
235	164	21	197
95	149	144	123
200	223	79	108
215	60	169	154
78	209	32	222
119	21	222	214
11	139	138	42
62	152	193	202
183	250	102	43
153	159	29	13
59	61	79	170
118	235	206	212
232	208	13	205
201	233	122	219
96	202	166	94
34	143	164	167
44	47	202	34
183	141	17	136
159	194	12	196
32	146	28	141
193	103	40	157
60	157	117	198
97	15	100	218
80	139	188	34
29	119	124	148
247	240	242	190
114	89	51	118
133	133	118	118
178	227	208	118
58	186	35	157
175	113	55	139
62	28	58	30
44	234	245	232
184	101	14	59
135	246	90	168
66	129	231	99
54	17	163	134
193	121	216	190
40	93	169	20
157	62	79	27
22	218	216	55
20	49	74	218
132	147	151	158
164	37	213	241
113	179	223	180
159	22	45	209
205	65	30	245
138	87	71	136
160	111	179	62
51	142	229	72
143	129	106	42
171	192	168	218
182	182	187	149
53	53	57	57
181	220	34	209
227	68	56	13
59	20	64	106
220	250	220	250
93	52	179	72
85	27	66	210
210	160	237	153
51	115	12	74
224	212	101	26
135	163	86	150
101	198	163	25
51	179	104	79
235	179	206	66
192	128	148	153
155	22	172	93
171	177	105	140
38	220	211	13
10	214	150	202
235	25	32	146
134	183	114	229
137	245	158	180
145	101	166	16
51	175	172	176
238	12	217	37
21	218	25	146
222	168	106	213
188	114	18	166
235	62	152	249
83	215	100	192
209	204	236	44
184	154	24	232
99	172	50	139
161	161	177	177
176	158	16	73
211	76	80	74
176	86	54	120
81	215	84	128
75	178	244	35
215	98	247	100
62	245	220	179
12	105	66	206
59	200	34	13
220	234	50	130
203	122	144	107
101	152	11	20
37	122	228	166
28	25	95	236
101	231	137	59
99	195	157	157
30	145	168	226
161	161	177	177
75	158	67	107
21	179	159	147
14	179	89	21
180	98	104	235
112	15	187	24
198	206	196	147
145	148	166	74
192	227	153	199
237	73	97	114
144	175	97	72
48	227	170	25
87	225	71	167
79	228	130	248
55	45	76	89
110	118	30	145
53	195	187	57
109	43	121	236
161	62	44	152
34	63	209	30
24	51	55	17
168	241	230	11
218	233	222	109
202	111	81	168
109	36	37	79
42	62	79	29
250	13	134	135
191	14	151	26
161	161	177	177
157	117	12	244
213	17	95	222
49	242	17	200
141	187	149	71
145	114	93	53
65	153	224	217
148	94	165	87
53	32	118	204
168	152	14	54
105	109	143	149
242	242	162	162
187	26	193	219
18	97	205	219
75	37	201	12
39	164	231	19
244	189	205	208
175	121	18	177
82	205	187	217
164	143	13	41
21	188	67	80
188	105	110	112
82	110	183	194
71	115	211	241
98	249	68	23
112	74	74	112
188	119	205	210
24	164	233	121
152	241	33	17
217	242	10	199
194	50	30	230
193	196	94	12
226	61	141	167
141	152	117	27
141	209	71	56
137	177	83	15
20	182	36	173
51	198	212	205
175	56	13	66
108	109	219	43
129	40	35	26
21	176	12	103
108	153	68	245
170	186	68	98
227	54	89	154
181	232	210	156
142	227	80	85
212	146	99	193
107	183	56	136
180	161	132	207
41	87	117	46
172	217	228	235
191	55	105	164
34	124	171	217
59	203	45	41
62	128	55	202
167	26	77	11
86	146	191	214
51	105	145	243
18	177	76	11
135	187	142	48
160	60	153	138
176	97	62	28
106	206	231	145
104	198	235	172
115	127	182	150
54	149	211	87
104	173	235	51
10	207	69	72
136	243	16	221
142	190	94	242
236	97	146	196
206	95	85	73
95	107	198	80
153	135	48	152
32	127	83	149
110	98	75	59
70	125	64	219
105	15	21	186
234	51	210	214
200	125	248	202
86	90	223	40
38	111	186	35
124	12	94	89
33	138	164	201
91	223	42	11
162	151	162	151
48	24	61	98
58	195	131	98
62	100	18	192
139	231	227	168
193	104	108	247
35	211	155	179
224	95	19	128
39	158	247	47
225	82	78	53
25	195	133	44
124	19	113	242
127	217	65	101
225	31	223	188
119	185	109	226
179	30	27	46
127	244	104	180
193	204	174	237
110	92	200	133
74	232	49	180
94	165	176	75
33	203	44	194
134	21	65	115
113	83	102	125
217	208	40	68
156	154	236	164
177	49	220	231
14	139	106	188
19	192	24	151
140	98	92	197
214	125	119	62
176	214	144	223
98	109	27	128
227	88	108	84
157	28	126	250
104	222	211	227
229	121	221	66
188	241	133	72
205	40	67	180
21	244	94	13
178	139	200	183
52	203	217	236
89	129	66	32
86	18	196	30
59	57	90	174
23	195	73	190
16	95	63	23
240	35	55	236
161	62	113	186
130	40	194	81
113	179	69	24
155	119	164	191
101	187	19	151
176	205	236	18
245	157	95	110
175	144	48	187
88	171	139	47
144	161	142	80
18	141	126	121
117	96	110	35
119	65	142	104
67	107	113	175
167	59	137	201
169	21	21	121
17	20	175	44
50	66	201	33
139	73	48	187
120	196	137	241
40	110	117	235
245	169	226	180
215	112	189	201
63	128	149	156
19	131	113	75
95	55	223	118
116	206	176	36
175	120	18	99
161	129	78	242
210	166	157	216
29	167	158	30
171	69	161	196
217	59	168	141
212	27	198	130
109	37	101	77
180	250	145	224
50	98	12	60
221	239	132	145
146	27	216	113
43	136	247	90
225	244	116	229
214	250	117	91
167	238	19	63
118	88	137	80
16	29	65	73
219	100	34	169
131	179	231	123
176	236	43	147
119	150	38	64
63	38	53	164
172	155	168	90
106	250	245	105
192	194	238	235
44	76	81	167
173	162	143	123
179	227	123	99
110	202	107	61
25	82	133	216
42	48	202	178
233	217	37	218
215	137	90	221
53	142	131	94
38	49	94	59
247	26	137	20
97	184	120	78
178	113	209	126
159	143	133	27
208	109	207	249
140	223	131	86
138	102	86	238
145	215	139	140
136	94	197	40
116	89	64	92
60	249	129	106
74	130	104	152
77	126	129	171
90	204	134	107
223	202	129	89
198	153	141	221
151	71	70	14
64	119	68	188
159	178	104	120
104	141	110	160
86	71	39	43
31	143	218	226
67	214	91	31
199	87	20	60
21	84	35	111
88	81	155	62
166	217	20	200
115	213	42	156
183	240	85	249
174	58	51	161
216	231	79	238
235	29	16	120
64	151	213	230
52	218	162	131
68	138	181	154
24	24	109	109
181	209	225	208
54	108	12	185
107	118	53	172
172	223	133	208
190	171	44	57
156	32	227	130
19	45	150	152
66	198	165	69
85	48	198	91
229	38	99	57
125	94	155	94
232	228	151	189
226	97	76	123
57	250	26	179
56	126	197	150
103	135	118	12
87	79	32	193
79	118	94	29
124	86	88	94
240	197	74	81
28	44	111	154
18	96	128	210
71	97	194	181
157	18	207	224
149	199	160	53
113	213	196	122
119	28	59	82
140	133	242	230
56	159	110	213
125	115	35	157
108	138	157	127
10	71	79	79
150	107	174	155
55	212	196	11
116	72	85	29
138	161	21	192
75	11	148	152
210	222	124	102
77	213	52	166
20	156	41	10
154	133	194	87
146	18	27	150
147	20	75	185
119	82	125	154
97	88	71	10
189	49	243	153
159	116	229	221
169	62	230	20
16	177	161	70
213	107	195	88
230	175	246	49
81	47	237	215
201	120	248	46
122	97	187	99
135	213	243	67
188	186	152	179
11	228	136	119
239	194	104	118
164	195	47	92
85	123	234	34
212	141	183	143
123	215	62	89
224	228	107	236
194	241	122	209
191	230	68	77
44	232	249	15
73	190	52	37
107	114	200	219
199	142	125	28
145	159	134	125
27	39	207	173
249	63	241	191
188	26	228	236
166	221	137	190
217	198	240	177
184	213	202	203
89	156	218	124
22	170	98	164
129	215	155	150
154	56	177	207
179	13	34	43
116	207	104	152
78	141	61	65
214	52	116	136
29	41	19	92
197	119	54	53
50	12	201	115
83	234	103	213
219	188	55	85
77	84	84	193
148	50	238	36
77	25	181	212
168	88	82	160
39	76	69	229
249	161	138	208
127	233	206	199
89	121	11	68
157	238	131	146
244	72	83	212
224	223	97	184
161	223	42	153
147	139	171	248
128	39	130	57
23	221	245	204
98	136	193	100
147	250	212	87
92	143	95	247
12	11	119	176
107	36	237	103
99	137	162	56
82	102	13	137
166	64	163	119
48	148	87	204
238	51	130	169
171	90	200	196
49	183	192	154
102	188	121	26
103	85	172	14
116	175	191	201
233	236	18	160
146	28	233	76
30	131	42	215
154	139	18	152
77	13	134	225
66	76	242	15
148	117	36	118
185	187	123	57
146	27	18	87
241	34	246	210
56	10	156	98
201	198	50	28
143	188	176	27
57	66	84	91
87	70	231	134
228	113	217	213
72	75	181	28
66	45	248	118
206	135	20	120
131	249	244	246
192	90	142	246
241	191	223	52
184	119	169	47
149	165	152	169
83	142	60	31
57	146	156	51
220	80	115	40
183	16	166	89
28	69	214	199
103	90	125	176
84	97	213	157
169	208	84	192
149	81	73	159
57	247	177	139
233	28	104	189
182	193	224	205
135	229	189	236
124	61	98	41
219	120	102	38
12	87	10	247
36	48	128	232
233	197	112	23
215	207	165	202
93	69	141	169
127	53	245	69
113	247	168	17
167	146	135	102
15	162	248	64
87	208	65	92
109	175	165	20
203	139	146	101
44	223	137	91
36	67	139	137
172	172	30	141
147	76	119	72
212	177	134	148
136	239	20	183
232	29	156	44
211	63	53	250
191	83	243	195
244	207	29	209
217	249	225	246
142	19	235	39
85	219	130	69
31	180	115	169
195	26	195	46
210	144	49	112
51	33	104	21
68	43	204	55
20	241	58	194
95	102	31	117
131	21	74	76
151	19	250	159
89	22	24	165
212	186	132	150
135	245	143	231
230	64	58	160
122	242	117	154
156	20	49	211
89	42	117	183
132	60	88	165
136	239	36	107
124	20	248	14
157	203	132	128
107	113	208	175
246	118	177	245
208	126	77	230
177	131	172	148
239	168	68	138
135	230	43	208
88	221	142	44
40	98	144	242
99	144	103	97
13	31	14	225
139	230	96	56
48	202	27	38
235	189	162	188
72	98	56	23
94	188	158	164
36	46	143	228
57	235	241	41
188	247	166	42
72	205	63	97
73	37	194	124
151	226	245	239
219	106	214	13
121	60	56	24
89	110	218	145
16	176	31	89
160	30	149	98
230	47	64	171
131	140	199	139
105	185	177	98
196	200	17	155
237	133	14	109
178	198	54	128
194	186	204	52
16	182	132	149
166	171	183	208
90	16	72	38
198	187	170	161
227	171	151	136
236	204	239	114
64	176	168	63
232	38	210	62
160	216	63	216
121	248	70	48
140	76	153	108
171	238	23	140
189	153	84	217
213	77	244	225
185	226	38	189
148	171	80	223
61	163	114	144
224	248	80	101
70	93	149	212
145	18	130	139
126	181	66	19
126	193	169	222
19	42	220	128
160	177	207	176
132	226	222	185
164	191	40	15
163	52	189	35
45	46	242	117
153	11	158	100
220	64	231	47
224	197	181	218
69	67	71	165
47	111	68	38
27	235	114	42
163	186	82	114
142	41	19	126
68	72	46	125
85	149	51	72
227	107	105	119
204	125	192	187
140	203	56	124
147	87	234	60
212	125	46	183
48	16	135	159
243	132	139	197
112	143	47	210
99	208	35	56
55	48	45	208
96	16	160	99
144	248	119	189
208	15	111	153
78	221	250	187
48	90	80	70
183	79	110	11
174	212	222	14
106	212	76	83
170	223	110	119
167	149	21	168
90	158	108	126
208	80	100	223
109	247	196	204
136	63	84	174
70	97	14	92
26	144	166	132
68	73	130	79
234	149	193	178
98	78	159	110
20	40	116	180
61	180	64	27
96	119	68	165
151	68	26	231
27	116	224	121
245	38	189	100
61	32	94	133
179	22	192	128
109	57	224	38
68	219	92	204
247	107	93	210
56	153	67	224
218	206	165	239
59	183	234	44
24	83	29	59
197	100	235	113
189	106	53	61
49	107	24	120
211	241	237	129
145	122	88	14
165	48	40	241
238	130	52	225
33	129	96	222
91	184	37	147
180	112	250	175
52	242	70	68
155	83	236	101
43	238	135	197
70	207	166	237
201	154	91	242
160	88	197	189
242	213	124	123
48	226	27	133
186	226	91	118
144	29	94	100
79	132	205	51
78	216	119	54
223	42	25	98
134	71	137	28
134	72	229	35
70	63	165	127
134	119	193	194
204	229	198	146
79	194	19	69
241	78	92	146
63	201	223	86
64	165	51	93
124	157	34	134
210	235	208	79
219	151	92	223
229	203	207	158
58	242	169	51
87	198	99	161
129	73	56	123
220	52	216	96
165	62	201	136
224	205	132	22
31	69	155	229
197	56	87	78
206	240	141	185
106	227	109	99
19	154	171	158
22	121	126	223
124	201	58	28
234	90	39	112
18	36	211	150
87	62	35	56
209	34	228	139
242	165	137	228
46	214	71	228
189	210	206	132
244	58	230	163
182	182	205	14
126	120	224	224
241	234	76	144
146	216	221	115
247	244	243	179
171	224	104	55
35	87	238	17
107	98	199	70
84	156	118	181
163	109	14	33
179	35	60	147
99	157	177	179
42	73	50	203
176	74	237	116
250	227	239	117
75	207	235	171
64	57	80	136
129	107	209	27
84	37	115	148
115	139	201	218
69	43	91	202
13	241	191	102
159	128	99	24
246	59	101	48
177	21	139	125
137	42	143	162
17	219	181	103
234	173	224	125
196	172	247	76
215	161	159	232
81	108	41	16
156	197	49	71
68	110	160	60
32	191	194	217
85	124	172	240
205	218	211	37
167	131	171	246
23	95	114	92
73	115	154	58
11	209	144	41
22	187	24	233
206	12	191	145
193	216	35	201
230	191	20	38
196	70	96	162
31	48	91	83
75	98	171	114
28	250	54	55
247	149	234	240
134	198	71	76
77	235	164	167
102	36	97	144
186	159	90	235
12	195	60	89
138	184	207	61
242	54	135	21
227	149	222	139
123	178	191	187
221	85	159	16
103	127	132	36
244	18	165	107
185	215	63	185
248	198	238	132
165	160	219	107
100	127	201	133
73	99	230	64
68	171	85	194
86	94	74	155
237	212	59	104
64	215	227	98
171	210	45	202
211	41	51	64
29	83	192	242
144	32	87	114
203	18	219	94
245	21	228	79
149	230	128	107
53	30	148	238
238	29	51	111
143	30	17	45
43	236	203	189
61	159	84	17
19	242	246	240
86	95	97	144
141	166	10	233
208	24	174	87
34	202	68	223
241	40	211	188
83	210	37	214
220	65	64	170
22	190	159	109
238	169	130	73
164	146	250	145
79	168	28	236
242	36	37	18
110	167	154	206
112	186	201	44
23	20	216	216
242	244	91	81
244	28	157	127
32	109	180	158
20	32	177	209
243	129	141	197
133	52	89	129
193	219	119	206
198	234	230	232
145	16	94	155
164	133	30	248
230	182	205	110
134	231	122	94
206	39	76	160
187	241	224	240
13	105	250	117
26	11	218	213
16	209	88	68
172	194	189	16
87	219	33	65
138	168	247	187
62	90	51	110
81	20	243	155
203	169	212	171
117	96	60	188
65	121	240	20
250	87	111	123
14	200	127	133
175	213	91	123
214	72	103	246
108	76	26	232
113	34	165	110
246	171	108	217
231	156	203	225
29	213	71	165
207	107	156	154
91	32	30	182
111	23	227	47
162	120	129	100
30	190	193	100
88	167	60	190
72	159	198	105
16	68	188	208
122	20	167	11
186	24	84	177
72	159	134	68
131	175	94	163
12	77	36	28
133	115	109	131
57	182	235	70
135	216	133	21
161	32	244	27
49	159	39	31
50	114	26	49
231	39	39	81
99	164	249	200
197	153	188	182
139	107	221	133
202	94	173	108
130	211	91	128
219	151	250	218
228	37	173	150
41	210	87	115
179	40	187	175
114	97	172	63
137	26	222	41
22	157	73	70
145	179	110	216
193	46	157	115
165	40	161	66
90	196	151	212
54	50	18	164
21	91	115	61
42	42	154	21
18	235	207	35
140	180	164	203
241	15	127	52
43	174	62	146
146	134	65	136
115	53	25	154
115	11	43	232
29	230	220	199
87	129	188	69
188	117	21	91
75	60	236	93
158	244	202	234
24	24	175	197
155	92	190	241
13	159	159	75
232	146	23	166
194	58	101	75
114	243	219	16
12	209	69	246
179	183	241	83
121	188	104	32
100	161	102	175
201	11	101	106
56	45	67	241
249	37	101	152
199	179	120	41
107	171	67	237
103	200	62	84
151	53	82	49
188	234	38	25
111	239	95	182
229	176	147	224
140	120	163	29
88	136	66	98
156	48	206	226
125	14	189	150
12	236	50	56
151	37	91	145
44	163	119	73
113	206	230	137
15	209	33	37
155	199	40	53
194	113	249	12
60	230	19	221
53	236	62	110
59	128	83	169
234	83	29	151
52	93	16	111
68	104	196	168
190	35	10	42
236	32	211	239
169	208	85	45
56	140	180	212
87	153	109	133
233	98	167	175
113	219	93	193
227	129	168	76
177	177	247	151
49	167	239	246
194	180	23	157
32	201	84	176
90	248	144	53
109	84	139	35
161	133	232	205
38	14	81	219
148	21	102	202
194	166	173	21
181	23	27	250
240	13	198	206
96	25	28	126
160	125	98	189
132	25	169	167
37	172	73	50
188	197	27	82
32	47	30	80
133	102	223	206
33	80	106	157
115	191	28	153
105	244	80	145
93	99	20	26
155	153	103	31
213	79	185	174
234	236	115	221
174	235	60	135
16	157	77	228
43	166	229	96
107	159	130	193
167	82	74	153
41	50	228	107
186	126	160	73
113	212	197	26
245	77	228	84
42	196	195	250
15	152	103	211
113	231	204	67
237	121	88	232
81	111	70	185
173	69	25	204
101	243	143	172
187	189	206	11
155	90	56	107
122	100	164	212
202	107	147	24
50	125	67	198
188	172	189	104
27	213	166	13
142	18	79	217
86	208	109	170
122	117	16	167
130	56	223	211
144	27	168	212
102	138	117	90
132	191	185	115
229	177	91	73
100	82	117	58
144	113	169	170
133	68	21	121
239	244	112	140
225	185	144	166
121	218	240	19
57	188	190	192
75	164	75	85
49	67	175	141
17	33	125	179
34	128	221	143
49	40	80	43
239	158	198	67
122	215	108	22
72	220	32	160
97	131	125	91
187	240	22	223
107	19	157	170
68	32	70	114
214	104	37	48
172	182	135	185
227	206	93	62
210	83	181	150
58	159	203	80
110	244	104	11
85	20	29	144
160	207	35	102
66	126	187	59
250	250	88	95
231	208	57	235
84	192	94	138
245	40	32	120
143	135	148	21
55	76	125	226
202	94	229	195
227	188	176	51
190	164	85	99
169	95	223	71
190	148	70	71
98	76	27	65
222	242	83	213
127	163	216	109
36	147	196	100
211	46	14	88
70	84	160	74
151	162	249	23
184	123	122	27
80	142	173	156
25	70	54	169
104	56	167	51
107	52	169	15
169	47	200	126
160	104	23	82
76	56	18	243
178	73	212	30
30	190	238	241
95	124	230	13
151	234	106	37
13	214	248	244
121	68	76	16
11	150	209	171
38	14	215	14
172	40	135	78
237	158	42	83
115	171	13	28
250	137	211	188
204	168	138	36
172	150	84	109
195	187	70	92
53	175	156	146
190	71	163	227
147	122	177	187
155	223	115	198
37	201	128	213
101	60	111	26
120	85	51	161
137	80	107	181
23	186	225	153
83	193	28	174
75	43	207	210
11	23	54	238
16	10	17	146
144	147	33	60
39	116	119	48
40	158	195	181
135	197	51	214
240	95	99	33
30	189	154	120
110	58	66	56
236	157	171	12
46	175	241	180
180	92	16	81
170	141	231	186
106	147	176	204
143	231	153	200
181	140	169	250
181	236	31	170
162	53	126	72
89	17	148	76
243	212	118	235
158	95	105	155
213	207	57	229
71	149	89	45
223	155	160	36
175	116	159	97
221	40	214	184
86	215	221	80
174	157	19	114
215	175	107	196
75	229	185	104
95	48	90	86
121	210	172	239
241	242	99	42
54	89	12	241
181	213	249	62
131	218	55	161
236	250	33	109
166	139	107	185
16	212	90	165
237	80	113	176
192	18	46	150
22	48	64	231
36	232	233	198
121	20	40	19
25	246	148	69
198	181	160	95
193	72	71	201
164	39	87	42
126	90	216	178
140	173	217	57
199	243	41	30
13	25	65	48
207	36	42	119
213	212	196	22
151	186	160	232
220	115	36	178
124	185	122	178
241	110	32	242
95	206	232	66
249	125	76	29
28	232	71	184
200	232	174	58
88	70	198	69
12	87	66	12
130	212	182	199
93	29	183	189
61	213	62	180
77	236	18	161
58	77	109	226
229	140	112	228
68	173	140	183
123	50	58	183
235	17	39	133
198	177	161	78
147	63	114	187
249	99	100	45
238	49	72	175
213	125	209	137
64	221	147	61
206	59	107	59
85	71	26	184
227	222	134	173
74	167	197	187
227	120	12	109
212	115	54	137
125	14	126	91
240	80	65	87
166	166	206	191
20	137	165	33
151	202	173	26
55	92	137	244
169	117	98	186
20	129	222	33
80	129	189	165
17	81	37	229
25	245	107	79
186	23	246	99
59	166	161	73
188	157	234	139
78	37	13	137
233	230	88	78
125	233	163	97
41	74	23	97
30	139	121	244
201	85	176	152
149	188	45	109
101	99	143	69
142	174	105	68
250	243	40	90
91	91	144	154
105	90	134	92
48	87	177	158
233	110	188	236
93	166	234	85
21	197	198	53
98	93	141	163
50	123	158	168
27	173	149	123
46	134	112	179
232	132	90	31
123	129	202	241
234	236	146	131
97	151	195	59
180	41	208	153
74	93	162	19
114	113	241	14
241	156	109	181
206	149	52	240
32	124	204	184
11	115	159	178
97	16	193	143
113	228	64	238
222	84	107	212
49	10	184	242
192	238	117	175
201	197	77	245
213	113	172	30
33	13	191	132
166	22	202	26
202	133	121	117
232	67	228	220
46	84	143	111
148	120	233	204
48	132	169	44
174	166	74	78
94	115	69	145
238	135	223	221
81	162	51	58
82	17	41	27
79	28	237	90
95	89	223	211
37	236	13	169
62	93	200	13
150	28	74	93
189	39	146	185
209	14	141	37
129	122	47	131
85	175	29	221
81	109	21	199
229	21	102	183
59	202	127	21
31	79	72	170
59	177	124	34
107	78	90	228
122	155	222	94
210	49	140	76
60	187	234	37
197	51	104	120
155	93	82	233
170	205	208	193
142	60	13	232
67	176	127	62
123	11	49	62
210	208	23	108
126	112	10	227
226	196	35	225
236	64	62	89
75	46	102	177
230	189	217	37
38	80	157	224
143	150	15	99
87	62	60	224
207	19	215	149
100	58	131	40
215	77	167	142
129	180	227	95
230	16	209	176
201	224	145	116
83	243	30	189
111	144	16	85
82	243	181	195
78	125	36	92
51	184	94	65
249	83	201	138
200	164	180	133
126	122	159	248
230	187	101	104
127	215	112	221
72	211	195	195
12	81	123	43
172	224	202	205
194	199	146	202
35	232	193	239
29	247	176	144
117	43	135	88
219	144	171	171
172	64	123	27
74	127	181	64
37	246	183	212
245	169	157	146
45	191	156	113
19	171	95	232
113	189	238	222
135	240	100	188
178	59	88	134
204	125	133	19
21	209	51	140
14	16	161	156
34	75	120	122
73	22	145	66
150	161	182	220
218	184	90	11
41	80	42	29
138	40	24	160
116	237	162	157
129	204	50	216
228	128	236	184
191	73	190	32
119	96	134	36
108	162	208	97
41	149	140	201
72	144	211	183
73	42	64	113
196	168	147	66
53	199	124	85
28	213	48	44
223	51	219	218
235	207	21	22
129	198	54	153
206	165	91	10
236	188	62	213
139	30	104	169
146	154	146	210
89	207	182	216
137	128	225	114
204	32	218	182
74	128	230	106
185	43	172	225
227	40	250	192
207	152	118	174
101	182	193	188
223	12	82	20
42	71	71	60
184	192	43	66
17	53	35	120
208	157	88	66
224	250	49	55
94	23	209	20
234	223	181	90
66	77	75	45
47	216	143	199
181	243	92	212
48	82	123	241
12	226	13	208
242	242	29	213
175	220	18	180
143	183	88	61
147	62	67	227
181	157	215	33
107	194	69	51
239	101	40	118
121	225	145	241
173	77	55	150
179	67	21	168
215	232	91	156
66	11	162	48
131	69	17	21
179	197	178	176
198	108	156	108
46	142	178	100
87	232	139	74
152	94	230	134
143	61	166	133
249	97	175	241
174	240	101	204
215	140	101	243
80	243	105	125
187	112	86	225
217	146	57	62
188	232	66	24
57	211	94	214
51	196	33	44
182	112	113	193
191	163	205	239
161	45	11	188
140	153	221	106
240	54	142	201
227	50	79	38
164	250	81	239
139	153	177	230
148	213	122	233
99	241	93	227
43	218	183	16
181	149	128	221
89	49	187	126
126	159	78	83
127	245	47	99
32	43	166	112
70	196	120	55
82	51	21	137
117	155	229	222
36	50	23	184
249	101	27	96
52	111	116	76
121	201	169	246
130	16	116	238
101	179	207	147
27	134	248	60
131	232	162	108
78	84	147	203
111	84	128	108
58	129	213	202
236	69	107	98
119	17	220	155
197	22	149	29
94	226	173	94
160	113	15	83
228	137	215	139
245	165	187	214
87	235	18	227
22	210	137	175
226	144	71	116
128	114	94	193
67	31	240	173
72	189	177	88
38	164	151	156
159	45	152	67
54	50	245	145
45	14	112	35
52	148	60	127
249	76	40	41
18	148	114	15
51	125	53	66
51	190	154	29
100	118	110	85
230	99	100	122
19	181	186	138
225	100	45	109
12	52	19	181
233	228	222	50
38	65	184	111
161	178	147	19
50	222	149	102
40	185	39	69
161	155	88	120
206	196	56	92
60	108	80	142
183	29	184	165
192	147	87	30
12	136	24	18
211	50	182	79
197	121	215	73
198	44	38	180
223	230	97	39
143	158	187	81
18	43	152	191
238	13	116	33
92	249	135	222
150	42	74	236
232	58	51	26
140	135	91	29
212	19	105	25
174	106	62	53
75	211	123	26
86	14	13	79
29	75	223	134
31	183	183	179
209	128	43	217
152	118	79	35
26	22	218	93
149	58	176	43
98	196	45	79
129	11	173	228
167	112	70	78
250	106	238	231
38	75	40	48
42	65	212	77
74	144	207	202
49	85	158	188
118	74	30	33
61	28	183	15
105	126	141	235
140	137	104	46
227	189	121	99
186	145	43	14
189	173	52	208
228	43	242	10
79	222	127	106
14	155	219	124
60	143	92	31
178	184	228	92
136	84	66	64
50	78	168	212
120	233	128	211
189	181	98	219
74	178	47	182
126	102	217	202
159	63	220	177
225	148	109	139
49	62	16	156
34	99	13	250
229	173	55	167
49	187	227	18
48	184	108	34
182	250	50	177
156	170	227	174
75	63	209	143
175	26	57	121
56	187	235	12
76	58	190	43
227	208	15	129
13	91	16	191
166	58	166	37
22	50	16	20
81	183	75	56
78	103	12	89
69	174	87	76
250	180	102	112
183	188	224	181
163	163	162	39
21	231	217	52
243	183	33	152
228	89	68	172
62	219	85	207
77	224	121	83
69	119	74	98
81	172	37	123
181	53	246	14
28	178	128	150
227	169	185	227
197	226	212	211
94	248	79	126
193	240	137	173
41	160	64	136
41	110	197	230
109	26	116	213
124	138	220	67
86	39	111	240
101	138	89	91
217	41	61	239
44	127	138	167
64	176	48	179
138	141	30	110
102	65	150	29
132	163	13	81
240	243	51	132
90	166	19	190
25	207	58	181
180	113	161	17
138	181	239	68
79	27	241	87
98	36	56	168
166	123	181	144
149	198	230	59
65	182	127	229
157	50	161	58
215	210	128	18
223	122	172	123
210	185	202	196
56	110	115	81
102	15	133	150
12	126	164	94
168	133	95	51
135	77	168	37
211	44	123	180
15	58	119	83
249	192	66	140
38	70	244	29
21	78	14	235
142	14	22	42
226	153	172	12
78	225	66	189
122	117	78	132
74	83	91	138
196	231	207	147
84	232	108	107
57	176	142	176
41	196	209	143
150	147	189	140
113	48	140	44
86	97	140	71
36	240	94	37
105	85	29	243
244	180	158	47
161	169	130	38
58	125	137	113
220	131	57	201
188	183	115	158
19	245	116	245
130	215	173	76
86	175	223	49
156	224	109	48
51	111	60	215
49	51	245	17
140	107	214	90
78	149	88	73
181	234	115	164
69	21	85	204
176	13	232	248
237	152	73	24
88	34	77	207
200	204	214	176
159	72	129	230
150	157	92	126
123	167	106	116
195	175	38	74
74	89	57	146
189	184	138	64
185	224	176	240
166	52	207	25
162	91	197	171
177	86	171	165
51	34	241	94
248	83	113	98
192	219	227	204
234	246	12	76
156	229	146	31
99	168	248	220
70	67	155	225
141	181	142	90
15	206	173	95
167	29	193	241
98	143	96	12
242	90	20	156
199	10	206	34
87	146	177	80
66	120	229	126
234	152	250	166
236	226	21	216
40	125	211	27
144	31	224	160
11	213	207	19
95	109	77	159
182	43	219	219
238	199	65	155
41	159	175	29
140	81	94	140
54	176	197	167
238	33	56	18
82	118	219	106
32	231	48	27
221	135	188	213
104	118	218	154
45	60	15	22
33	229	167	243
230	107	190	81
160	151	59	160
195	198	152	126
135	72	59	132
51	109	180	233
53	177	78	98
196	38	129	137
173	103	134	104
145	157	181	120
138	194	37	37
227	239	146	47
115	219	127	238
216	196	82	94
146	166	224	16
101	55	124	16
63	204	64	24
192	147	68	203
105	26	162	192
193	25	24	68
140	203	214	139
195	54	95	192
105	242	79	87
222	214	180	22
43	64	155	151
196	44	227	46
126	219	123	156
203	50	84	148
230	163	188	219
96	168	169	30
179	87	240	134
178	63	105	154
223	137	192	218
27	84	131	94
174	78	88	242
250	34	33	28
110	61	167	147
10	71	61	193
199	102	194	27
128	214	90	155
247	118	21	223
66	79	215	140
56	219	201	87
64	70	198	229
187	64	204	49
227	145	31	29
246	206	146	166
204	215	203	207
215	182	239	162
54	221	35	219
242	206	70	123
28	87	22	124
126	129	73	65
34	216	22	165
106	236	171	208
65	110	53	103
221	171	169	46
181	99	59	29
134	46	28	193
152	210	52	173
204	100	227	206
228	194	137	43
18	150	30	16
146	42	121	200
73	61	39	188
165	250	56	42
225	12	235	148
91	206	46	196
216	197	177	138
19	65	94	114
238	120	213	143
163	20	72	41
135	205	33	221
49	13	192	203
18	110	245	191
229	132	204	203
115	111	97	15
248	106	167	46
18	223	244	12
69	182	30	87
119	172	94	72
233	19	169	83
90	123	134	35
63	32	140	91
160	222	87	115
90	157	42	143
148	212	57	184
213	135	74	84
210	101	118	81
239	18	202	192
76	69	204	48
247	31	95	139
200	239	234	26
129	144	232	71
88	38	191	131
240	172	109	43
134	120	133	233
176	78	203	106
109	244	215	134
100	189	188	123
83	66	165	163
223	78	166	13
233	108	76	182
57	158	99	160
51	169	16	164
188	223	178	23
65	137	234	24
91	44	137	70
64	107	140	229
77	162	155	246
86	199	227	133
198	57	188	71
50	39	44	169
42	41	153	113
185	171	76	238
86	34	12	54
92	114	126	172
164	63	157	11
226	82	129	190
199	159	238	237
179	79	205	197
151	71	238	207
125	209	90	47
40	15	54	108
49	37	27	50
59	54	139	29
153	250	137	154
111	39	165	27
32	108	41	52
163	73	193	68
188	218	50	41
100	37	65	137
21	34	201	249
119	127	239	51
40	201	128	148
64	89	15	56
89	53	242	186
107	194	91	71
218	61	239	76
241	152	153	35
124	10	55	144
196	114	197	139
227	117	192	129
225	223	247	160
210	204	215	123
174	121	97	137
163	133	77	22
143	18	130	84
228	200	15	190
108	237	22	222
133	114	90	44
58	11	124	66
120	151	46	145
39	107	145	157
109	200	33	193
16	64	132	199
180	115	40	30
92	228	39	206
144	117	224	74
32	95	25	102
102	81	182	35
114	68	55	19
96	58	93	210
41	184	42	69
63	84	84	99
210	49	130	245
181	210	137	63
121	22	84	127
128	111	152	115
223	89	30	104
200	17	109	196
199	211	44	11
74	195	184	35
76	180	74	206
237	209	160	38
19	191	143	172
107	102	166	76
243	211	133	247
49	129	38	217
198	113	236	97
220	136	30	211
239	70	180	181
60	163	65	38
91	208	224	224
74	170	105	217
59	15	91	28
105	24	105	82
83	195	208	64
58	242	30	132
87	120	227	213
127	64	153	53
206	143	149	237
205	216	64	101
145	174	43	234
50	181	65	182
70	29	19	105
112	118	16	185
177	98	245	70
237	172	145	42
107	109	249	184
190	149	247	149
172	219	12	50
218	242	250	109
62	80	155	214
14	235	76	87
202	121	214	169
143	55	94	123
151	211	204	88
196	124	11	127
25	27	117	80
46	109	189	150
94	196	77	126
72	219	166	70
249	227	173	105
95	87	23	149
232	151	250	42
177	84	136	243
103	236	112	46
88	221	148	100
42	120	22	225
91	108	230	199
115	225	103	92
98	71	22	230
165	156	72	139
175	60	197	241
148	163	170	99
245	21	223	245
69	237	146	22
225	85	116	36
25	158	167	168
225	120	43	39
209	81	69	178
166	245	121	80
234	69	40	121
158	248	80	116
158	107	188	192
122	138	246	86
13	123	147	35
123	90	30	245
151	83	194	161
35	159	250	195
74	177	112	36
164	233	47	55
103	226	211	101
226	216	224	14
50	204	219	195
231	75	99	161
247	94	201	140
203	130	99	41
44	228	230	209
80	235	31	99
197	59	104	52
67	114	59	145
46	34	103	233
237	180	234	72
65	160	176	131
111	228	95	224
17	204	78	65
25	232	155	209
241	107	204	160
166	166	38	107
239	249	129	56
189	149	79	135
10	204	54	93
76	39	14	219
22	121	244	239
242	234	32	249
211	153	178	192
184	79	123	204
196	178	78	202
140	198	122	33
58	61	167	18
172	154	172	181
153	145	28	223
243	115	65	117
121	212	198	90
187	88	115	37
132	56	75	149
119	165	121	205
143	151	179	165
51	33	189	167
122	55	180	48
57	127	177	137
205	99	171	217
39	104	73	68
37	69	210	138
116	230	52	112
24	72	109	20
192	227	249	99
159	127	241	237
47	44	219	120
154	28	85	27
161	195	87	57
183	28	111	233
147	116	24	57
189	226	83	171
186	60	25	234
128	181	69	73
28	107	88	238
200	31	83	135
31	203	177	147
118	99	158	219
46	19	205	28
46	187	66	199
172	18	211	202
239	171	142	118
28	109	66	48
102	115	245	211
208	147	63	44
213	98	64	90
59	213	148	202
157	17	27	183
133	40	189	156
241	69	113	110
174	41	47	15
111	27	65	224
133	58	57	21
168	80	142	82
190	193	13	45
235	194	67	59
155	58	202	143
28	231	163	56
102	238	100	32
135	48	221	66
236	246	117	242
60	23	50	29
33	84	163	19
238	129	129	103
107	95	153	231
130	32	102	232
109	94	236	233
42	201	232	149
18	249	55	56
35	12	222	235
242	73	143	245
62	177	118	129
239	215	105	144
121	160	79	96
65	46	40	176
246	234	106	226
156	22	121	169
209	187	133	199
20	53	249	226
95	174	170	220
107	226	23	145
73	179	77	195
136	70	179	68
136	58	40	79
118	98	100	70
206	126	51	13
154	106	166	82
231	162	169	50
81	159	200	22
19	224	38	64
153	95	121	53
231	77	143	15
35	78	153	132
140	45	108	28
86	182	203	234
179	182	150	221
169	195	80	240
229	173	141	59
177	29	84	108
16	182	13	126
202	129	208	174
105	56	203	206
94	18	162	119
122	77	63	212
247	40	235	150
156	133	161	13
208	119	31	107
101	214	234	77
31	21	173	23
247	122	221	110
45	87	159	170
229	15	165	170
21	163	22	191
166	208	11	126
247	111	160	164
169	22	118	165
147	56	32	38
107	109	13	102
226	29	35	141
204	144	132	183
143	188	41	167
67	11	188	219
193	52	203	223
248	233	207	127
126	181	128	250
198	130	171	42
176	71	244	110
175	203	181	199
156	68	176	129
235	207	102	60
189	101	145	210
151	184	161	90
159	210	51	211
113	202	82	54
84	203	223	152
72	82	101	98
20	67	241	126
210	104	78	63
77	33	137	117
217	199	154	243
175	54	177	62
92	199	142	18
103	128	69	70
134	229	93	179
189	245	178	29
158	245	34	64
198	192	80	77
43	135	126	22
245	135	211	84
121	135	84	22
34	45	143	116
233	63	238	179
182	235	46	35
129	14	102	137
17	122	153	121
161	165	125	141
171	231	134	235
109	168	221	18
195	93	149	156
13	159	39	187
114	50	42	187
97	248	28	106
102	225	35	208
232	169	54	134
172	67	174	52
120	244	171	180
84	65	90	155
79	225	234	63
47	11	217	249
208	249	77	118
104	235	45	61
36	170	15	237
88	221	148	201
184	85	26	130
119	213	49	148
180	37	248	176
227	116	155	188
191	43	72	212
63	231	228	172
149	188	179	133
138	156	89	111
61	191	232	134
218	75	91	39
211	18	23	173
93	165	70	210
244	12	67	196
13	213	208	212
91	209	207	105
230	143	45	66
85	78	231	15
184	140	139	250
216	73	163	162
66	230	50	40
197	94	109	154
55	39	149	59
126	56	27	131
65	150	13	68
187	127	167	55
123	180	39	135
22	195	221	220
40	144	219	236
243	154	176	113
134	117	250	13
50	87	11	62
96	92	71	249
11	185	75	187
128	208	183	89
179	38	127	103
185	19	174	138
111	168	136	192
13	74	181	73
33	177	199	101
230	197	105	92
134	160	146	177
34	46	139	121
122	173	228	184
23	213	148	54
110	95	207	184
210	116	37	72
46	137	119	39
85	220	50	245
83	221	88	120
120	221	244	66
164	188	34	187
210	31	197	200
45	24	213	87
87	199	35	247
58	222	142	187
148	170	64	58
234	106	216	144
142	167	72	22
70	132	229	176
173	159	40	193
165	95	155	165
104	208	84	206
239	134	80	30
58	79	46	173
108	60	20	144
148	12	47	173
100	161	229	31
95	188	93	64
179	43	215	81
38	36	152	225
11	93	182	167
23	191	202	110
70	104	239	67
174	236	224	216
28	188	236	111
17	118	191	222
119	21	206	243
105	61	66	151
91	120	51	72
15	125	244	14
173	165	234	148
14	148	164	65
225	245	176	225
169	75	151	27
207	35	74	223
124	207	196	113
116	71	88	40
173	64	108	94
100	193	114	62
128	158	241	80
120	159	71	96
200	129	44	91
24	85	107	182
101	237	117	54
128	28	244	52
134	128	155	123
155	162	120	134
43	166	228	209
242	44	228	208
236	86	13	139
13	56	140	18
232	107	35	157
43	176	179	13
234	234	228	70
42	138	42	36
32	168	116	124
175	129	47	130
115	185	178	123
107	169	171	193
123	230	242	23
199	210	110	177
120	140	183	208
88	61	97	172
205	12	141	206
116	175	232	76
103	76	100	37
75	97	75	176
210	154	29	165
188	23	167	184
206	163	221	21
46	126	29	98
128	140	114	145
215	181	147	74
130	244	233	13
210	63	42	102
73	43	35	46
163	162	113	96
115	78	246	125
66	143	78	92
32	232	86	126
179	71	183	57
213	230	44	30
188	231	68	15
167	125	157	250
14	232	228	89
175	117	52	205
39	94	57	80
211	196	245	187
162	181	171	36
155	247	175	191
245	206	172	13
168	154	180	160
22	225	98	109
71	250	239	165
140	60	118	90
162	176	82	13
165	49	86	161
22	34	192	57
187	52	120	245
68	15	219	54
11	94	49	101
189	139	214	54
56	97	190	18
162	35	139	186
213	240	205	53
92	120	93	10
63	166	138	200
241	24	194	157
92	112	104	35
209	59	34	207
168	155	131	112
240	151	217	41
227	115	231	17
169	100	109	129
80	75	155	18
225	169	238	200
23	110	39	30
45	190	171	199
195	42	38	188
223	57	245	160
216	246	237	112
98	83	26	90
76	42	70	184
199	225	140	63
173	160	241	212
239	181	181	96
232	211	139	163
31	174	131	108
159	50	113	105
62	80	46	100
65	171	187	193
131	163	208	202
102	72	20	225
162	141	56	208
243	193	62	153
198	51	107	176
199	147	91	194
207	23	38	177
102	114	142	178
99	236	59	169
75	130	124	210
63	82	171	245
72	168	153	31
167	101	127	43
95	154	173	169
76	82	149	12
138	19	146	120
87	168	141	100
131	180	89	124
22	164	93	220
128	169	62	157
229	97	33	59
121	216	111	68
38	113	98	32
99	160	83	56
229	101	27	217
72	245	95	64
149	133	93	150
26	142	160	249
156	68	122	243
188	197	205	115
170	181	51	165
24	70	136	200
223	44	117	230
68	41	187	167
125	245	47	19
245	124	14	135
130	214	123	89
175	230	167	42
142	71	79	215
156	39	143	217
223	135	109	245
93	249	163	139
143	110	32	42
175	32	65	222
235	127	226	33
48	133	248	205
35	159	136	114
153	224	13	180
78	92	167	22
205	205	250	70
33	214	118	103
65	233	50	116
165	96	116	158
22	154	70	97
136	184	238	71
144	54	151	18
82	224	105	83
100	240	203	56
126	136	66	202
220	233	71	162
121	146	123	217
39	94	36	185
183	133	122	60
52	248	73	35
76	58	205	52
231	82	91	161
19	108	118	105
151	114	113	80
149	122	205	188
11	215	229	243
184	150	196	70
101	166	250	106
14	211	217	12
181	70	103	247
25	234	109	133
119	206	24	219
240	155	155	48
28	176	144	154
118	227	123	226
97	210	165	210
207	72	234	146
175	116	27	249
12	185	146	133
72	184	40	164
99	141	52	160
45	72	34	162
15	235	190	56
160	230	186	122
119	62	52	180
190	153	124	49
246	243	232	164
114	123	163	148
203	222	45	17
145	58	85	170
68	63	237	243
202	189	89	22
90	120	153	199
156	148	162	32
147	156	232	224
145	141	116	218
60	128	127	218
94	199	105	215
90	196	170	43
180	186	23	190
116	166	171	76
53	132	229	17
148	104	152	232
110	70	146	32
226	37	118	184
198	97	199	239
90	24	164	97
173	222	204	160
97	144	143	162
98	234	167	50
243	154	127	153
174	169	231	194
53	77	53	173
68	153	166	37
200	69	64	245
132	29	177	104
89	51	136	95
55	237	168	152
79	141	148	218
43	235	113	53
110	155	88	154
11	93	48	193
147	90	153	113
224	47	229	220
160	242	66	55
104	185	72	81
193	28	51	184
74	146	175	236
141	17	169	151
38	170	191	204
213	94	53	153
167	66	235	42
10	148	35	77
189	55	91	190
210	144	45	241
10	163	118	148
216	99	166	131
215	70	22	16
156	185	218	18
96	83	217	75
15	84	43	212
99	102	85	118
36	38	160	63
75	195	196	171
164	202	170	155
82	152	77	113
89	246	54	93
88	131	47	82
154	112	198	30
53	82	153	233
115	58	106	245
83	28	238	182
127	188	166	209
151	19	13	239
177	187	61	52
50	225	248	111
214	192	150	143
144	193	179	113
48	181	31	166
105	100	244	84
77	237	104	24
79	52	110	175
92	35	123	40
52	156	157	241
116	195	171	119
133	207	191	16
58	138	163	73
159	105	66	55
210	12	27	91
134	188	220	111
165	107	55	146
51	243	63	51
67	167	148	139
171	172	114	16
160	146	238	192
207	85	194	22
160	124	184	175
88	33	19	247
42	187	196	228
72	61	222	172
48	124	69	47
71	110	104	224
98	217	211	188
172	158	68	250
107	127	94	179
57	21	17	205
191	72	108	134
41	112	200	133
210	176	20	150
230	97	113	141
208	157	159	195
94	195	192	73
30	42	224	98
244	23	205	86
29	52	241	191
35	149	24	221
25	148	87	210
14	69	115	29
199	224	190	186
165	119	99	222
161	228	69	246
139	99	127	142
169	54	92	88
80	106	200	226
219	217	48	80
175	220	79	235
143	239	243	195
118	94	150	145
60	167	138	168
185	193	240	36
145	19	208	122
114	119	130	173
161	71	197	10
118	214	233	128
50	28	138	152
242	13	241	14
54	150	87	58
220	140	218	95
38	233	25	158
185	77	59	114
55	104	89	22
197	190	44	60
183	219	186	72
33	45	148	124
134	19	249	125
133	170	149	32
230	90	16	169
136	87	111	235
60	109	152	59
92	203	172	41
62	134	131	243
125	111	199	207
118	137	44	97
228	123	71	186
173	92	103	67
146	90	175	185
222	132	40	83
214	175	29	46
81	187	190	188
41	68	84	239
37	177	180	126
174	216	250	69
179	116	68	216
243	235	126	168
195	43	211	250
244	95	88	77
192	121	62	218
60	195	109	154
105	220	250	78
245	46	73	84
145	37	186	218
91	29	196	139
134	89	163	240
139	136	199	184
227	188	110	228
191	158	212	55
245	237	49	161
239	114	176	166
23	153	180	88
220	196	248	248
225	241	238	95
194	56	163	234
172	198	122	149
167	106	102	167
54	210	152	135
188	227	238	108
167	169	115	83
178	38	197	79
118	42	10	47
105	48	205	104
225	61	102	21
175	239	217	64
130	122	97	69
182	201	148	174
72	92	233	141
102	172	28	209
12	159	60	221
43	84	130	118
41	205	53	93
186	116	160	198
250	92	241	215
206	147	23	28
133	134	103	130
187	135	137	153
158	195	160	248
188	156	89	32
142	184	223	13
184	100	126	89
247	220	194	149
81	208	171	144
150	183	183	210
199	96	92	115
150	203	58	65
16	132	10	170
59	108	95	53
154	205	115	124
222	112	147	43
20	170	225	87
130	70	242	67
80	132	187	208
75	103	160	118
190	207	197	27
215	49	24	175
155	216	167	78
66	84	212	184
17	148	83	209
32	94	125	120
42	48	75	35
211	85	79	172
10	52	198	172
169	110	170	183
95	98	213	225
157	156	88	248
120	218	24	183
207	85	29	20
170	61	183	114
28	201	42	182
177	60	100	60
154	175	242	112
62	41	102	105
214	120	239	142
151	212	173	170
194	59	226	138
156	106	80	131
177	164	33	42
153	241	174	68
11	229	89	30
170	177	14	213
164	193	219	94
122	19	86	153
31	228	210	57
132	155	71	208
41	107	242	103
29	186	21	105
237	93	144	76
10	169	80	73
86	245	177	18
227	241	59	27
175	32	56	170
16	203	21	13
222	97	26	39
144	69	23	182
115	158	204	206
231	159	29	56
120	162	186	194
209	157	193	221
147	174	148	158
162	17	10	242
121	183	193	46
137	55	233	36
75	38	54	131
198	131	114	222
24	174	229	240
192	30	199	34
53	242	26	245
145	102	167	84
159	47	139	98
158	131	203	103